# Exported from Wings 3D 1.5.4
mtllib arrow_decoupler_s1_1.mtl
o mesh1
#80 vertices, 44 faces
v 0.62500000 6.2500000e-2 -1.2576745e-17
v 0.60370364 6.2500000e-2 0.16176190
v 0.54126588 6.2500000e-2 0.31250000
v 0.44194174 6.2500000e-2 0.44194174
v 0.31250000 6.2500000e-2 0.54126588
v 0.16176190 6.2500000e-2 0.60370364
v -1.3771492e-17 6.2500000e-2 0.62500000
v -0.16176190 6.2500000e-2 0.60370364
v -0.31250000 6.2500000e-2 0.54126588
v -0.44194174 6.2500000e-2 0.44194174
v -0.54126588 6.2500000e-2 0.31250000
v -0.60370364 6.2500000e-2 0.16176190
v -0.62500000 6.2500000e-2 6.3963680e-17
v -0.60370364 6.2500000e-2 -0.16176190
v -0.54126588 6.2500000e-2 -0.31250000
v -0.44194174 6.2500000e-2 -0.44194174
v -0.31250000 6.2500000e-2 -0.54126588
v -0.16176190 6.2500000e-2 -0.60370364
v -1.6685234e-16 6.2500000e-2 -0.62500000
v 0.16176190 6.2500000e-2 -0.60370364
v 0.31250000 6.2500000e-2 -0.54126588
v 0.44194174 6.2500000e-2 -0.44194174
v 0.54126588 6.2500000e-2 -0.31250000
v 0.60370364 6.2500000e-2 -0.16176190
v 0.62500000 -6.2500000e-2 -1.2576745e-17
v 0.60370364 -6.2500000e-2 0.16176190
v 0.54126588 -6.2500000e-2 0.31250000
v 0.44194174 -6.2500000e-2 0.44194174
v 0.31250000 -6.2500000e-2 0.54126588
v 0.16176190 -6.2500000e-2 0.60370364
v -1.3771492e-17 -6.2500000e-2 0.62500000
v -0.16176190 -6.2500000e-2 0.60370364
v -0.31250000 -6.2500000e-2 0.54126588
v -0.44194174 -6.2500000e-2 0.44194174
v -0.54126588 -6.2500000e-2 0.31250000
v -0.60370364 -6.2500000e-2 0.16176190
v -0.62500000 -6.2500000e-2 6.3963680e-17
v -0.60370364 -6.2500000e-2 -0.16176190
v -0.54126588 -6.2500000e-2 -0.31250000
v -0.44194174 -6.2500000e-2 -0.44194174
v -0.31250000 -6.2500000e-2 -0.54126588
v -0.16176190 -6.2500000e-2 -0.60370364
v -1.6685234e-16 -6.2500000e-2 -0.62500000
v 0.16176190 -6.2500000e-2 -0.60370364
v 0.31250000 -6.2500000e-2 -0.54126588
v 0.44194174 -6.2500000e-2 -0.44194174
v 0.54126588 -6.2500000e-2 -0.31250000
v 0.60370364 -6.2500000e-2 -0.16176190
v -0.60993238 -3.7500000e-2 -0.21205255
v -0.58683539 -3.7500000e-2 -0.20248547
v -0.60993238 3.7500000e-2 -0.21205255
v -0.58683539 3.7500000e-2 -0.20248547
v -0.58123112 -3.7500000e-2 -0.28134352
v -0.55813413 -3.7500000e-2 -0.27177643
v -0.58123112 3.7500000e-2 -0.28134352
v -0.55813413 3.7500000e-2 -0.27177643
v 0.60993238 -3.7500000e-2 0.21205255
v 0.58683539 -3.7500000e-2 0.20248547
v 0.60993238 3.7500000e-2 0.21205255
v 0.58683539 3.7500000e-2 0.20248547
v 0.58123112 -3.7500000e-2 0.28134352
v 0.55813413 -3.7500000e-2 0.27177643
v 0.58123112 3.7500000e-2 0.28134352
v 0.55813413 3.7500000e-2 0.27177643
v 0.21205255 -3.7500000e-2 -0.60993238
v 0.20248547 -3.7500000e-2 -0.58683539
v 0.21205255 3.7500000e-2 -0.60993238
v 0.20248547 3.7500000e-2 -0.58683539
v 0.28134352 -3.7500000e-2 -0.58123112
v 0.27177643 -3.7500000e-2 -0.55813413
v 0.28134352 3.7500000e-2 -0.58123112
v 0.27177643 3.7500000e-2 -0.55813413
v -0.21205255 -3.7500000e-2 0.60993238
v -0.20248547 -3.7500000e-2 0.58683539
v -0.21205255 3.7500000e-2 0.60993238
v -0.20248547 3.7500000e-2 0.58683539
v -0.28134352 -3.7500000e-2 0.58123112
v -0.27177643 -3.7500000e-2 0.55813413
v -0.28134352 3.7500000e-2 0.58123112
v -0.27177643 3.7500000e-2 0.55813413
vt 3.7500000e-2 0.91319886
vt 3.7500000e-2 0.96203033
vt 3.7500000e-2 0.91319886
vt 3.7500000e-2 0.91319886
vt 3.7500000e-2 0.96203033
vt 0.10123698 0.96203033
vt 0.10123698 0.91319886
vt 0.10123698 0.96203033
vt 0.10123698 0.91319886
vt 0.10123698 0.96203033
vt 0.10123698 0.96203033
vt 0.10123698 0.91319886
vt 0.10123698 0.91319886
vt 0.16497396 0.96203033
vt 0.16497396 0.96203033
vt 0.16497396 0.91319886
vt 0.16497396 0.91319886
vt 0.16497396 0.96203033
vt 0.16497396 0.96203033
vt 0.16497396 0.91319886
vt 0.16497396 0.91319886
vt 0.22871094 0.91319886
vt 0.22871094 0.96203033
vt 0.22871094 0.96203033
vt 0.22871094 0.91319886
vt 0.22871094 0.91319886
vt 0.22871094 0.96203033
vt 0.22871094 0.91319886
vt 0.22871094 0.96203033
vt 0.29244792 0.91319886
vt 0.29244792 0.96203033
vt 0.29244792 0.96203033
vt 0.29244792 0.91319886
vt 0.29244792 0.91319886
vt 0.29244792 0.91319886
vt 0.29244792 0.96203033
vt 0.35618490 0.96203033
vt 0.35618490 0.91319886
vt 0.35618490 0.96203033
vt 0.35618490 0.91319886
vt 0.35618490 0.91319886
vt 0.35618490 0.91319886
vt 0.35618490 0.96203033
vt 0.35618490 0.96203033
vt 0.41992187 0.96203033
vt 0.41992187 0.96203033
vt 0.41992187 0.91319886
vt 0.41992187 0.91319886
vt 0.41992187 0.91319886
vt 0.41992187 0.96203033
vt 0.41992188 0.91319886
vt 0.41992188 0.96203033
vt 0.79200102 0.92289056
vt 0.79200102 0.95212125
vt 0.80174458 0.91314699
vt 0.80174458 0.92289056
vt 0.80174458 0.95212125
vt 0.80174458 0.96186481
vt 0.83097527 0.91314699
vt 0.83097527 0.92289056
vt 0.83097527 0.95212125
vt 0.83097527 0.96186481
vt 0.84071884 0.92289056
vt 0.84071884 0.95212125
vn 1.00000000 0.0000000e+0 -1.1198031e-16
vn 0.96592583 0.0000000e+0 0.25881905
vn 0.86602540 0.0000000e+0 0.50000000
vn 0.70710678 0.0000000e+0 0.70710678
vn 0.50000000 0.0000000e+0 0.86602540
vn 0.25881905 0.0000000e+0 0.96592583
vn 2.9394831e-16 0.0000000e+0 1.00000000
vn -0.25881905 0.0000000e+0 0.96592583
vn -0.50000000 0.0000000e+0 0.86602540
vn -0.70710678 0.0000000e+0 0.70710678
vn -0.86602540 0.0000000e+0 0.50000000
vn -0.96592583 0.0000000e+0 0.25881905
vn -1.00000000 0.0000000e+0 5.4590401e-16
vn -0.96592583 0.0000000e+0 -0.25881905
vn -0.86602540 0.0000000e+0 -0.50000000
vn -0.70710678 0.0000000e+0 -0.70710678
vn -0.50000000 0.0000000e+0 -0.86602540
vn -0.25881905 0.0000000e+0 -0.96592583
vn -4.4792124e-16 0.0000000e+0 -1.00000000
vn 0.25881905 0.0000000e+0 -0.96592583
vn 0.50000000 0.0000000e+0 -0.86602540
vn 0.70710678 0.0000000e+0 -0.70710678
vn 0.86602540 0.0000000e+0 -0.50000000
vn 0.96592583 0.0000000e+0 -0.25881905
vn 1.00000000 0.0000000e+0 -1.1198031e-16
vn 0.96592583 0.0000000e+0 0.25881905
vn 0.86602540 0.0000000e+0 0.50000000
vn 0.70710678 0.0000000e+0 0.70710678
vn 0.50000000 0.0000000e+0 0.86602540
vn 0.25881905 0.0000000e+0 0.96592583
vn 2.9394831e-16 0.0000000e+0 1.00000000
vn -0.25881905 0.0000000e+0 0.96592583
vn -0.50000000 0.0000000e+0 0.86602540
vn -0.70710678 0.0000000e+0 0.70710678
vn -0.86602540 0.0000000e+0 0.50000000
vn -0.96592583 0.0000000e+0 0.25881905
vn -1.00000000 0.0000000e+0 5.4590401e-16
vn -0.96592583 0.0000000e+0 -0.25881905
vn -0.86602540 0.0000000e+0 -0.50000000
vn -0.70710678 0.0000000e+0 -0.70710678
vn -0.50000000 0.0000000e+0 -0.86602540
vn -0.25881905 0.0000000e+0 -0.96592583
vn -4.4792124e-16 0.0000000e+0 -1.00000000
vn 0.25881905 0.0000000e+0 -0.96592583
vn 0.50000000 0.0000000e+0 -0.86602540
vn 0.70710678 0.0000000e+0 -0.70710678
vn 0.86602540 0.0000000e+0 -0.50000000
vn 0.96592583 0.0000000e+0 -0.25881905
vn 0.0000000e+0 -1.00000000 0.0000000e+0
vn -0.92387953 0.0000000e+0 -0.38268343
vn -0.38268343 0.0000000e+0 0.92387953
vn 0.0000000e+0 -1.00000000 0.0000000e+0
vn -0.38268343 0.0000000e+0 0.92387953
vn 0.0000000e+0 1.00000000 0.0000000e+0
vn -0.92387953 0.0000000e+0 -0.38268343
vn -0.38268343 0.0000000e+0 0.92387953
vn 0.0000000e+0 1.00000000 0.0000000e+0
vn -0.38268343 0.0000000e+0 0.92387953
vn 0.0000000e+0 -1.00000000 0.0000000e+0
vn -0.92387953 0.0000000e+0 -0.38268343
vn 0.38268343 0.0000000e+0 -0.92387953
vn 0.0000000e+0 -1.00000000 0.0000000e+0
vn 0.38268343 0.0000000e+0 -0.92387953
vn 0.0000000e+0 1.00000000 0.0000000e+0
vn -0.92387953 0.0000000e+0 -0.38268343
vn 0.38268343 0.0000000e+0 -0.92387953
vn 0.0000000e+0 1.00000000 0.0000000e+0
vn 0.38268343 0.0000000e+0 -0.92387953
vn 0.0000000e+0 -1.00000000 0.0000000e+0
vn 0.92387953 0.0000000e+0 0.38268343
vn 0.38268343 0.0000000e+0 -0.92387953
vn 0.0000000e+0 -1.00000000 0.0000000e+0
vn 0.38268343 0.0000000e+0 -0.92387953
vn 0.0000000e+0 1.00000000 0.0000000e+0
vn 0.92387953 0.0000000e+0 0.38268343
vn 0.38268343 0.0000000e+0 -0.92387953
vn 0.0000000e+0 1.00000000 0.0000000e+0
vn 0.38268343 0.0000000e+0 -0.92387953
vn 0.0000000e+0 -1.00000000 0.0000000e+0
vn 0.92387953 0.0000000e+0 0.38268343
vn -0.38268343 0.0000000e+0 0.92387953
vn 0.0000000e+0 -1.00000000 0.0000000e+0
vn -0.38268343 0.0000000e+0 0.92387953
vn 0.0000000e+0 1.00000000 0.0000000e+0
vn 0.92387953 0.0000000e+0 0.38268343
vn -0.38268343 0.0000000e+0 0.92387953
vn 0.0000000e+0 1.00000000 0.0000000e+0
vn -0.38268343 0.0000000e+0 0.92387953
vn 0.0000000e+0 -1.00000000 0.0000000e+0
vn 0.38268343 0.0000000e+0 -0.92387953
vn -0.92387953 0.0000000e+0 -0.38268343
vn 0.0000000e+0 -1.00000000 0.0000000e+0
vn -0.92387953 0.0000000e+0 -0.38268343
vn 0.0000000e+0 1.00000000 0.0000000e+0
vn 0.38268343 0.0000000e+0 -0.92387953
vn -0.92387953 0.0000000e+0 -0.38268343
vn 0.0000000e+0 1.00000000 0.0000000e+0
vn -0.92387953 0.0000000e+0 -0.38268343
vn 0.0000000e+0 -1.00000000 0.0000000e+0
vn 0.38268343 0.0000000e+0 -0.92387953
vn 0.92387953 0.0000000e+0 0.38268343
vn 0.0000000e+0 -1.00000000 0.0000000e+0
vn 0.92387953 0.0000000e+0 0.38268343
vn 0.0000000e+0 1.00000000 0.0000000e+0
vn 0.38268343 0.0000000e+0 -0.92387953
vn 0.92387953 0.0000000e+0 0.38268343
vn 0.0000000e+0 1.00000000 0.0000000e+0
vn 0.92387953 0.0000000e+0 0.38268343
vn 0.0000000e+0 -1.00000000 0.0000000e+0
vn -0.38268343 0.0000000e+0 0.92387953
vn 0.92387953 0.0000000e+0 0.38268343
vn 0.0000000e+0 -1.00000000 0.0000000e+0
vn 0.92387953 0.0000000e+0 0.38268343
vn 0.0000000e+0 1.00000000 0.0000000e+0
vn -0.38268343 0.0000000e+0 0.92387953
vn 0.92387953 0.0000000e+0 0.38268343
vn 0.0000000e+0 1.00000000 0.0000000e+0
vn 0.92387953 0.0000000e+0 0.38268343
vn 0.0000000e+0 -1.00000000 0.0000000e+0
vn -0.38268343 0.0000000e+0 0.92387953
vn -0.92387953 0.0000000e+0 -0.38268343
vn 0.0000000e+0 -1.00000000 0.0000000e+0
vn -0.92387953 0.0000000e+0 -0.38268343
vn 0.0000000e+0 1.00000000 0.0000000e+0
vn -0.38268343 0.0000000e+0 0.92387953
vn -0.92387953 0.0000000e+0 -0.38268343
vn 0.0000000e+0 1.00000000 0.0000000e+0
vn -0.92387953 0.0000000e+0 -0.38268343
g mesh1_mesh1_auv
usemtl mesh1_auv
s 1
f 1/29/1 25/28/25 48/35/48 24/36/24
f 2/19/2 26/21/26 25/28/25 1/29/1
f 3/11/3 27/9/27 26/21/26 2/19/2
f 4/5/4 28/1/28 27/9/27 3/11/3
f 5/37/5 29/41/29 28/49/28 4/46/4
f 6/32/6 30/34/30 29/41/29 5/37/5
f 7/24/7 31/25/31 30/34/30 6/32/6
f 8/14/8 32/20/32 31/25/31 7/24/7
f 9/8/9 33/12/33 32/20/32 8/14/8
f 10/2/10 34/3/34 33/12/33 9/8/9
f 11/39/11 35/38/35 34/47/34 10/45/10
f 12/31/12 36/30/36 35/38/35 11/39/11
f 13/27/13 37/26/37 36/30/36 12/31/12
f 14/15/14 38/16/38 37/26/37 13/27/13
f 15/6/15 39/7/39 38/16/38 14/15/14
f 16/2/16 40/4/40 39/7/39 15/6/15
f 17/44/17 41/40/41 40/48/40 16/50/16
f 18/36/18 42/33/42 41/40/41 17/44/17
f 19/23/19 43/22/43 42/33/42 18/36/18
f 20/18/20 44/17/44 43/22/43 19/23/19
f 21/10/21 45/13/45 44/17/44 20/18/20
f 22/2/22 46/4/46 45/13/45 21/10/21
f 23/43/23 47/42/47 46/51/46 22/52/22
f 24/36/24 48/35/48 47/42/47 23/43/23
f 49/60/49 53/56/59 54/55/62 50/59/52
f 52/62/57 56/58/67 55/57/64 51/61/54
f 59/61/75 63/57/85 61/56/80 57/60/70
f 67/61/95 71/57/105 69/56/100 65/60/90
f 74/63/113 76/64/118 75/61/116 73/60/111
f 77/56/121 79/57/126 80/54/128 78/53/123
s 2
f 51/61/55 55/57/65 53/56/60 49/60/50
f 58/63/73 60/64/78 59/61/76 57/60/71
f 61/56/81 63/57/86 64/54/88 62/53/83
f 66/63/93 68/64/98 67/61/96 65/60/91
f 69/56/101 71/57/106 72/54/108 70/53/103
f 73/60/109 77/56/119 78/55/122 74/59/112
f 76/62/117 80/58/127 79/57/124 75/61/114
s 3
f 50/63/53 52/64/58 51/61/56 49/60/51
f 53/56/61 55/57/66 56/54/68 54/53/63
f 57/60/69 61/56/79 62/55/82 58/59/72
f 60/62/77 64/58/87 63/57/84 59/61/74
f 65/60/89 69/56/99 70/55/102 66/59/92
f 68/62/97 72/58/107 71/57/104 67/61/94
f 75/61/115 79/57/125 77/56/120 73/60/110
