# Exported from Wings 3D 1.5.4
mtllib arrow_decoupler_s0p5_1.mtl
o mesh1
#80 vertices, 44 faces
v 0.46875000 6.2500000e-2 -8.3415805e-18
v 0.45277773 6.2500000e-2 0.12132143
v 0.40594941 6.2500000e-2 0.23437500
v 0.33145630 6.2500000e-2 0.33145630
v 0.23437500 6.2500000e-2 0.40594941
v 0.12132143 6.2500000e-2 0.45277773
v -3.7505953e-17 6.2500000e-2 0.46875000
v -0.12132143 6.2500000e-2 0.45277773
v -0.23437500 6.2500000e-2 0.40594941
v -0.33145630 6.2500000e-2 0.33145630
v -0.40594941 6.2500000e-2 0.23437500
v -0.45277773 6.2500000e-2 0.12132143
v -0.46875000 6.2500000e-2 4.9063738e-17
v -0.45277773 6.2500000e-2 -0.12132143
v -0.40594941 6.2500000e-2 -0.23437500
v -0.33145630 6.2500000e-2 -0.33145630
v -0.23437500 6.2500000e-2 -0.40594941
v -0.12132143 6.2500000e-2 -0.45277773
v -1.5231659e-16 6.2500000e-2 -0.46875000
v 0.12132143 6.2500000e-2 -0.45277773
v 0.23437500 6.2500000e-2 -0.40594941
v 0.33145630 6.2500000e-2 -0.33145630
v 0.40594941 6.2500000e-2 -0.23437500
v 0.45277773 6.2500000e-2 -0.12132143
v 0.46875000 -6.2500000e-2 -8.3415805e-18
v 0.45277773 -6.2500000e-2 0.12132143
v 0.40594941 -6.2500000e-2 0.23437500
v 0.33145630 -6.2500000e-2 0.33145630
v 0.23437500 -6.2500000e-2 0.40594941
v 0.12132143 -6.2500000e-2 0.45277773
v -3.7505953e-17 -6.2500000e-2 0.46875000
v -0.12132143 -6.2500000e-2 0.45277773
v -0.23437500 -6.2500000e-2 0.40594941
v -0.33145630 -6.2500000e-2 0.33145630
v -0.40594941 -6.2500000e-2 0.23437500
v -0.45277773 -6.2500000e-2 0.12132143
v -0.46875000 -6.2500000e-2 4.9063738e-17
v -0.45277773 -6.2500000e-2 -0.12132143
v -0.40594941 -6.2500000e-2 -0.23437500
v -0.33145630 -6.2500000e-2 -0.33145630
v -0.23437500 -6.2500000e-2 -0.40594941
v -0.12132143 -6.2500000e-2 -0.45277773
v -1.5231659e-16 -6.2500000e-2 -0.46875000
v 0.12132143 -6.2500000e-2 -0.45277773
v 0.23437500 -6.2500000e-2 -0.40594941
v 0.33145630 -6.2500000e-2 -0.33145630
v 0.40594941 -6.2500000e-2 -0.23437500
v 0.45277773 -6.2500000e-2 -0.12132143
v 0.46681119 -3.7500000e-2 0.15276982
v 0.44371420 -3.7500000e-2 0.14320273
v 0.46681119 3.7500000e-2 0.15276982
v 0.44371420 3.7500000e-2 0.14320273
v 0.43810993 -3.7500000e-2 0.22206079
v 0.41501294 -3.7500000e-2 0.21249370
v 0.43810993 3.7500000e-2 0.22206079
v 0.41501294 3.7500000e-2 0.21249370
v -0.46681119 -3.7500000e-2 -0.15276982
v -0.44371420 -3.7500000e-2 -0.14320273
v -0.46681119 3.7500000e-2 -0.15276982
v -0.44371420 3.7500000e-2 -0.14320273
v -0.43810993 -3.7500000e-2 -0.22206079
v -0.41501294 -3.7500000e-2 -0.21249370
v -0.43810993 3.7500000e-2 -0.22206079
v -0.41501294 3.7500000e-2 -0.21249370
v 0.15276982 -3.7500000e-2 -0.46681119
v 0.14320273 -3.7500000e-2 -0.44371420
v 0.15276982 3.7500000e-2 -0.46681119
v 0.14320273 3.7500000e-2 -0.44371420
v 0.22206079 -3.7500000e-2 -0.43810993
v 0.21249370 -3.7500000e-2 -0.41501294
v 0.22206079 3.7500000e-2 -0.43810993
v 0.21249370 3.7500000e-2 -0.41501294
v -0.15276982 -3.7500000e-2 0.46681119
v -0.14320273 -3.7500000e-2 0.44371420
v -0.15276982 3.7500000e-2 0.46681119
v -0.14320273 3.7500000e-2 0.44371420
v -0.22206079 -3.7500000e-2 0.43810993
v -0.21249370 -3.7500000e-2 0.41501294
v -0.22206079 3.7500000e-2 0.43810993
v -0.21249370 3.7500000e-2 0.41501294
vt 0.46203476 0.91280743
vt 0.46203476 0.96216661
vt 0.46203476 0.91280743
vt 0.46203476 0.91280743
vt 0.46203476 0.96216661
vt 0.46203476 0.91280743
vt 0.46203476 0.96216661
vt 0.46203476 0.96216661
vt 0.51035476 0.91280743
vt 0.51035476 0.96216661
vt 0.51035476 0.91280743
vt 0.51035476 0.96216661
vt 0.51035476 0.96216661
vt 0.51035476 0.91280743
vt 0.51035476 0.96216661
vt 0.55867476 0.91280743
vt 0.55867476 0.96216661
vt 0.55867476 0.91280743
vt 0.55867476 0.91280743
vt 0.55867476 0.96216661
vt 0.55867476 0.91280743
vt 0.55867476 0.96216661
vt 0.60699476 0.91280743
vt 0.60699476 0.96216661
vt 0.60699476 0.91280743
vt 0.60699476 0.96216661
vt 0.60699476 0.91280743
vt 0.60699476 0.96216661
vt 0.60699476 0.96216661
vt 0.65531476 0.91280743
vt 0.65531476 0.96216661
vt 0.65531476 0.96216661
vt 0.65531476 0.91280743
vt 0.65531476 0.91280743
vt 0.65531476 0.96216661
vt 0.70363476 0.91280743
vt 0.70363476 0.96216661
vt 0.70363476 0.96216661
vt 0.70363476 0.91280743
vt 0.70363476 0.91280743
vt 0.70363476 0.96216661
vt 0.75195476 0.91280743
vt 0.75195476 0.96216661
vt 0.75195476 0.91280743
vt 0.75195476 0.91280743
vt 0.75195476 0.96216661
vt 0.79200102 0.92289056
vt 0.79200102 0.95212125
vt 0.80174458 0.91314699
vt 0.80174458 0.92289056
vt 0.80174458 0.95212125
vt 0.80174458 0.96186481
vt 0.83097527 0.91314699
vt 0.83097527 0.92289056
vt 0.83097527 0.95212125
vt 0.83097527 0.96186481
vt 0.84071884 0.92289056
vt 0.84071884 0.95212125
vn 1.00000000 0.0000000e+0 -2.5195570e-16
vn 0.96592583 0.0000000e+0 0.25881905
vn 0.86602540 0.0000000e+0 0.50000000
vn 0.70710678 0.0000000e+0 0.70710678
vn 0.50000000 0.0000000e+0 0.86602540
vn 0.25881905 0.0000000e+0 0.96592583
vn 4.0592862e-16 0.0000000e+0 1.00000000
vn -0.25881905 0.0000000e+0 0.96592583
vn -0.50000000 0.0000000e+0 0.86602540
vn -0.70710678 0.0000000e+0 0.70710678
vn -0.86602540 0.0000000e+0 0.50000000
vn -0.96592583 0.0000000e+0 0.25881905
vn -1.00000000 0.0000000e+0 5.5990155e-16
vn -0.96592583 0.0000000e+0 -0.25881905
vn -0.86602540 0.0000000e+0 -0.50000000
vn -0.70710678 0.0000000e+0 -0.70710678
vn -0.50000000 0.0000000e+0 -0.86602540
vn -0.25881905 0.0000000e+0 -0.96592583
vn -4.6191878e-16 0.0000000e+0 -1.00000000
vn 0.25881905 0.0000000e+0 -0.96592583
vn 0.50000000 0.0000000e+0 -0.86602540
vn 0.70710678 0.0000000e+0 -0.70710678
vn 0.86602540 0.0000000e+0 -0.50000000
vn 0.96592583 0.0000000e+0 -0.25881905
vn 1.00000000 0.0000000e+0 -2.5195570e-16
vn 0.96592583 0.0000000e+0 0.25881905
vn 0.86602540 0.0000000e+0 0.50000000
vn 0.70710678 0.0000000e+0 0.70710678
vn 0.50000000 0.0000000e+0 0.86602540
vn 0.25881905 0.0000000e+0 0.96592583
vn 4.0592862e-16 0.0000000e+0 1.00000000
vn -0.25881905 0.0000000e+0 0.96592583
vn -0.50000000 0.0000000e+0 0.86602540
vn -0.70710678 0.0000000e+0 0.70710678
vn -0.86602540 0.0000000e+0 0.50000000
vn -0.96592583 0.0000000e+0 0.25881905
vn -1.00000000 0.0000000e+0 5.5990155e-16
vn -0.96592583 0.0000000e+0 -0.25881905
vn -0.86602540 0.0000000e+0 -0.50000000
vn -0.70710678 0.0000000e+0 -0.70710678
vn -0.50000000 0.0000000e+0 -0.86602540
vn -0.25881905 0.0000000e+0 -0.96592583
vn -4.6191878e-16 0.0000000e+0 -1.00000000
vn 0.25881905 0.0000000e+0 -0.96592583
vn 0.50000000 0.0000000e+0 -0.86602540
vn 0.70710678 0.0000000e+0 -0.70710678
vn 0.86602540 0.0000000e+0 -0.50000000
vn 0.96592583 0.0000000e+0 -0.25881905
vn 2.2439452e-9 -1.00000000 -5.4173635e-9
vn 0.92387953 5.7824112e-16 0.38268343
vn 0.38268355 5.8637115e-9 -0.92387949
vn 2.2439452e-9 -1.00000000 -5.4173635e-9
vn 0.38268355 5.8637115e-9 -0.92387949
vn -2.2439452e-9 1.00000000 5.4173635e-9
vn 0.92387953 5.7824112e-16 0.38268343
vn 0.38268355 5.8637115e-9 -0.92387949
vn -2.2439452e-9 1.00000000 5.4173635e-9
vn 0.38268355 5.8637115e-9 -0.92387949
vn 2.2439452e-9 -1.00000000 -5.4173635e-9
vn 0.92387953 5.7824112e-16 0.38268343
vn -0.38268355 -5.8637115e-9 0.92387949
vn 2.2439452e-9 -1.00000000 -5.4173635e-9
vn -0.38268355 -5.8637115e-9 0.92387949
vn -2.2439452e-9 1.00000000 5.4173635e-9
vn 0.92387953 5.7824112e-16 0.38268343
vn -0.38268355 -5.8637115e-9 0.92387949
vn -2.2439452e-9 1.00000000 5.4173635e-9
vn -0.38268355 -5.8637115e-9 0.92387949
vn -2.2439452e-9 -1.00000000 5.4173635e-9
vn -0.92387953 5.7824112e-16 -0.38268343
vn -0.38268355 5.8637115e-9 0.92387949
vn -2.2439452e-9 -1.00000000 5.4173635e-9
vn -0.38268355 5.8637115e-9 0.92387949
vn 2.2439452e-9 1.00000000 -5.4173635e-9
vn -0.92387953 5.7824112e-16 -0.38268343
vn -0.38268355 5.8637115e-9 0.92387949
vn 2.2439452e-9 1.00000000 -5.4173635e-9
vn -0.38268355 5.8637115e-9 0.92387949
vn -2.2439452e-9 -1.00000000 5.4173635e-9
vn -0.92387953 5.7824112e-16 -0.38268343
vn 0.38268355 -5.8637115e-9 -0.92387949
vn -2.2439452e-9 -1.00000000 5.4173635e-9
vn 0.38268355 -5.8637115e-9 -0.92387949
vn 2.2439452e-9 1.00000000 -5.4173635e-9
vn -0.92387953 5.7824112e-16 -0.38268343
vn 0.38268355 -5.8637115e-9 -0.92387949
vn 2.2439452e-9 1.00000000 -5.4173635e-9
vn 0.38268355 -5.8637115e-9 -0.92387949
vn -5.4173635e-9 -1.00000000 -2.2439452e-9
vn 0.38268343 5.7824112e-16 -0.92387953
vn -0.92387949 5.8637115e-9 -0.38268355
vn -5.4173635e-9 -1.00000000 -2.2439452e-9
vn -0.92387949 5.8637115e-9 -0.38268355
vn 5.4173635e-9 1.00000000 2.2439452e-9
vn 0.38268343 5.7824112e-16 -0.92387953
vn -0.92387949 5.8637115e-9 -0.38268355
vn 5.4173635e-9 1.00000000 2.2439452e-9
vn -0.92387949 5.8637115e-9 -0.38268355
vn -5.4173635e-9 -1.00000000 -2.2439452e-9
vn 0.38268343 5.7824112e-16 -0.92387953
vn 0.92387949 -5.8637115e-9 0.38268355
vn -5.4173635e-9 -1.00000000 -2.2439452e-9
vn 0.92387949 -5.8637115e-9 0.38268355
vn 5.4173635e-9 1.00000000 2.2439452e-9
vn 0.38268343 5.7824112e-16 -0.92387953
vn 0.92387949 -5.8637115e-9 0.38268355
vn 5.4173635e-9 1.00000000 2.2439452e-9
vn 0.92387949 -5.8637115e-9 0.38268355
vn 5.4173635e-9 -1.00000000 2.2439452e-9
vn -0.38268343 5.7824112e-16 0.92387953
vn 0.92387949 5.8637115e-9 0.38268355
vn 5.4173635e-9 -1.00000000 2.2439452e-9
vn 0.92387949 5.8637115e-9 0.38268355
vn -5.4173635e-9 1.00000000 -2.2439452e-9
vn -0.38268343 5.7824112e-16 0.92387953
vn 0.92387949 5.8637115e-9 0.38268355
vn -5.4173635e-9 1.00000000 -2.2439452e-9
vn 0.92387949 5.8637115e-9 0.38268355
vn 5.4173635e-9 -1.00000000 2.2439452e-9
vn -0.38268343 5.7824112e-16 0.92387953
vn -0.92387949 -5.8637115e-9 -0.38268355
vn 5.4173635e-9 -1.00000000 2.2439452e-9
vn -0.92387949 -5.8637115e-9 -0.38268355
vn -5.4173635e-9 1.00000000 -2.2439452e-9
vn -0.38268343 5.7824112e-16 0.92387953
vn -0.92387949 -5.8637115e-9 -0.38268355
vn -5.4173635e-9 1.00000000 -2.2439452e-9
vn -0.92387949 -5.8637115e-9 -0.38268355
g mesh1_mesh1_auv
usemtl mesh1_auv
s 1
f 1/28/1 25/25/25 48/33/48 24/35/24
f 2/20/2 26/18/26 25/25/25 1/28/1
f 3/12/3 27/11/27 26/18/26 2/20/2
f 4/8/4 28/4/28 27/11/27 3/12/3
f 5/37/5 29/36/29 28/42/28 4/43/4
f 6/31/6 30/30/30 29/36/29 5/37/5
f 7/24/7 31/23/31 30/30/30 6/31/6
f 8/17/8 32/16/32 31/23/31 7/24/7
f 9/10/9 33/9/33 32/16/32 8/17/8
f 10/2/10 34/1/34 33/9/33 9/10/9
f 11/41/11 35/40/35 34/45/34 10/46/10
f 12/32/12 36/34/36 35/40/35 11/41/11
f 13/26/13 37/27/37 36/34/36 12/32/12
f 14/22/14 38/21/38 37/27/37 13/26/13
f 15/13/15 39/11/39 38/21/38 14/22/14
f 16/7/16 40/6/40 39/11/39 15/13/15
f 17/41/17 41/40/41 40/45/40 16/46/16
f 18/35/18 42/34/42 41/40/41 17/41/17
f 19/29/19 43/27/43 42/34/42 18/35/18
f 20/20/20 44/19/44 43/27/43 19/29/19
f 21/15/21 45/14/45 44/19/44 20/20/20
f 22/5/22 46/3/46 45/14/45 21/15/21
f 23/38/23 47/39/47 46/44/46 22/46/22
f 24/35/24 48/33/48 47/39/47 23/38/23
g mesh1_mesh1_auv2
usemtl mesh1_auv2
s 1
f 51/55/55 55/51/65 53/50/60 49/54/50
f 59/55/75 63/51/85 61/50/80 57/54/70
f 67/55/95 71/51/105 69/50/100 65/54/90
f 75/55/115 79/51/125 77/50/120 73/54/110
s 2
f 49/54/49 53/50/59 54/49/62 50/53/52
f 50/57/53 52/58/58 51/55/56 49/54/51
f 52/56/57 56/52/67 55/51/64 51/55/54
f 53/50/61 55/51/66 56/48/68 54/47/63
f 57/54/69 61/50/79 62/49/82 58/53/72
f 58/57/73 60/58/78 59/55/76 57/54/71
f 60/56/77 64/52/87 63/51/84 59/55/74
f 61/50/81 63/51/86 64/48/88 62/47/83
f 65/54/89 69/50/99 70/49/102 66/53/92
f 66/57/93 68/58/98 67/55/96 65/54/91
f 68/56/97 72/52/107 71/51/104 67/55/94
f 69/50/101 71/51/106 72/48/108 70/47/103
f 73/54/109 77/50/119 78/49/122 74/53/112
f 74/57/113 76/58/118 75/55/116 73/54/111
f 76/56/117 80/52/127 79/51/124 75/55/114
f 77/50/121 79/51/126 80/48/128 78/47/123
