# Exported from Wings 3D 1.5.4
mtllib arrow_decoupler_s1p5_1.mtl
o mesh1
#112 vertices, 64 faces
v 0.93750000 6.2500000e-2 -2.1047075e-17
v 0.90555546 6.2500000e-2 0.24264285
v 0.81189882 6.2500000e-2 0.46875000
v 0.66291261 6.2500000e-2 0.66291261
v 0.46875000 6.2500000e-2 0.81189882
v 0.24264285 6.2500000e-2 0.90555546
v 3.3697431e-17 6.2500000e-2 0.93750000
v -0.24264285 6.2500000e-2 0.90555546
v -0.46875000 6.2500000e-2 0.81189882
v -0.66291261 6.2500000e-2 0.66291261
v -0.81189882 6.2500000e-2 0.46875000
v -0.90555546 6.2500000e-2 0.24264285
v -0.93750000 6.2500000e-2 9.3763563e-17
v -0.90555546 6.2500000e-2 -0.24264285
v -0.81189882 6.2500000e-2 -0.46875000
v -0.66291261 6.2500000e-2 -0.66291261
v -0.46875000 6.2500000e-2 -0.81189882
v -0.24264285 6.2500000e-2 -0.90555546
v -1.9592384e-16 6.2500000e-2 -0.93750000
v 0.24264285 6.2500000e-2 -0.90555546
v 0.46875000 6.2500000e-2 -0.81189882
v 0.66291261 6.2500000e-2 -0.66291261
v 0.81189882 6.2500000e-2 -0.46875000
v 0.90555546 6.2500000e-2 -0.24264285
v 0.93750000 -6.2500000e-2 -2.1047075e-17
v 0.90555546 -6.2500000e-2 0.24264285
v 0.81189882 -6.2500000e-2 0.46875000
v 0.66291261 -6.2500000e-2 0.66291261
v 0.46875000 -6.2500000e-2 0.81189882
v 0.24264285 -6.2500000e-2 0.90555546
v 3.3697431e-17 -6.2500000e-2 0.93750000
v -0.24264285 -6.2500000e-2 0.90555546
v -0.46875000 -6.2500000e-2 0.81189882
v -0.66291261 -6.2500000e-2 0.66291261
v -0.81189882 -6.2500000e-2 0.46875000
v -0.90555546 -6.2500000e-2 0.24264285
v -0.93750000 -6.2500000e-2 9.3763563e-17
v -0.90555546 -6.2500000e-2 -0.24264285
v -0.81189882 -6.2500000e-2 -0.46875000
v -0.66291261 -6.2500000e-2 -0.66291261
v -0.46875000 -6.2500000e-2 -0.81189882
v -0.24264285 -6.2500000e-2 -0.90555546
v -1.9592384e-16 -6.2500000e-2 -0.93750000
v 0.24264285 -6.2500000e-2 -0.90555546
v 0.46875000 -6.2500000e-2 -0.81189882
v 0.66291261 -6.2500000e-2 -0.66291261
v 0.81189882 -6.2500000e-2 -0.46875000
v 0.90555546 -6.2500000e-2 -0.24264285
v 0.89617476 -3.7500000e-2 -0.33061803
v 0.87307777 -3.7500000e-2 -0.32105094
v 0.89617476 3.7500000e-2 -0.33061803
v 0.87307777 3.7500000e-2 -0.32105094
v 0.86747350 -3.7500000e-2 -0.39990900
v 0.84437651 -3.7500000e-2 -0.39034191
v 0.86747350 3.7500000e-2 -0.39990900
v 0.84437651 3.7500000e-2 -0.39034191
v -0.33061803 -3.7500000e-2 -0.89617476
v -0.32105094 -3.7500000e-2 -0.87307777
v -0.33061803 3.7500000e-2 -0.89617476
v -0.32105094 3.7500000e-2 -0.87307777
v -0.39990900 -3.7500000e-2 -0.86747350
v -0.39034191 -3.7500000e-2 -0.84437651
v -0.39990900 3.7500000e-2 -0.86747350
v -0.39034191 3.7500000e-2 -0.84437651
v 0.33061803 -3.7500000e-2 0.89617476
v 0.32105094 -3.7500000e-2 0.87307777
v 0.33061803 3.7500000e-2 0.89617476
v 0.32105094 3.7500000e-2 0.87307777
v 0.39990900 -3.7500000e-2 0.86747350
v 0.39034191 -3.7500000e-2 0.84437651
v 0.39990900 3.7500000e-2 0.86747350
v 0.39034191 3.7500000e-2 0.84437651
v -0.89617476 -3.7500000e-2 0.33061803
v -0.87307777 -3.7500000e-2 0.32105094
v -0.89617476 3.7500000e-2 0.33061803
v -0.87307777 3.7500000e-2 0.32105094
v -0.86747350 -3.7500000e-2 0.39990900
v -0.84437651 -3.7500000e-2 0.39034191
v -0.86747350 3.7500000e-2 0.39990900
v -0.84437651 3.7500000e-2 0.39034191
v -0.89617476 -3.7500000e-2 -0.33061803
v -0.87307777 -3.7500000e-2 -0.32105094
v -0.89617476 3.7500000e-2 -0.33061803
v -0.87307777 3.7500000e-2 -0.32105094
v -0.86747350 -3.7500000e-2 -0.39990900
v -0.84437651 -3.7500000e-2 -0.39034191
v -0.86747350 3.7500000e-2 -0.39990900
v -0.84437651 3.7500000e-2 -0.39034191
v 0.33061803 -3.7500000e-2 -0.89617476
v 0.32105094 -3.7500000e-2 -0.87307777
v 0.33061803 3.7500000e-2 -0.89617476
v 0.32105094 3.7500000e-2 -0.87307777
v 0.39990900 -3.7500000e-2 -0.86747350
v 0.39034191 -3.7500000e-2 -0.84437651
v 0.39990900 3.7500000e-2 -0.86747350
v 0.39034191 3.7500000e-2 -0.84437651
v -0.33061803 -3.7500000e-2 0.89617476
v -0.32105094 -3.7500000e-2 0.87307777
v -0.33061803 3.7500000e-2 0.89617476
v -0.32105094 3.7500000e-2 0.87307777
v -0.39990900 -3.7500000e-2 0.86747350
v -0.39034191 -3.7500000e-2 0.84437651
v -0.39990900 3.7500000e-2 0.86747350
v -0.39034191 3.7500000e-2 0.84437651
v 0.89617476 -3.7500000e-2 0.33061803
v 0.87307777 -3.7500000e-2 0.32105094
v 0.89617476 3.7500000e-2 0.33061803
v 0.87307777 3.7500000e-2 0.32105094
v 0.86747350 -3.7500000e-2 0.39990900
v 0.84437651 -3.7500000e-2 0.39034191
v 0.86747350 3.7500000e-2 0.39990900
v 0.84437651 3.7500000e-2 0.39034191
vt 0.27507927 0.82304521
vt 0.27507927 0.87223676
vt 0.27507927 0.87223676
vt 0.27507927 0.82304521
vt 0.27507927 0.87223676
vt 0.27507927 0.82304521
vt 0.37041260 0.82304521
vt 0.37041260 0.82304521
vt 0.37041260 0.87223676
vt 0.37041260 0.87223676
vt 0.37041260 0.87223676
vt 0.37041260 0.82304521
vt 0.37041260 0.87223676
vt 0.37041260 0.82304521
vt 0.46574593 0.82304521
vt 0.46574593 0.82304521
vt 0.46574593 0.87223676
vt 0.46574593 0.87223676
vt 0.46574593 0.82304521
vt 0.46574593 0.87223676
vt 0.46574593 0.82304521
vt 0.46574593 0.87223676
vt 0.56107927 0.82304521
vt 0.56107927 0.87223676
vt 0.56107927 0.82304521
vt 0.56107927 0.87223676
vt 0.56107927 0.82304521
vt 0.56107927 0.87223676
vt 0.56107927 0.82304521
vt 0.56107927 0.87223676
vt 0.65641260 0.82304521
vt 0.65641260 0.87223676
vt 0.65641260 0.82304521
vt 0.65641260 0.82304521
vt 0.65641260 0.87223676
vt 0.65641260 0.87223676
vt 0.65641260 0.82304521
vt 0.65641260 0.87223676
vt 0.75174593 0.82304521
vt 0.75174593 0.82304521
vt 0.75174593 0.82304521
vt 0.75174593 0.87223676
vt 0.75174593 0.87223676
vt 0.75174593 0.82304521
vt 0.75174593 0.87223676
vt 0.75174593 0.87223676
vt 0.79200102 0.92289056
vt 0.79200102 0.95212125
vt 0.80174458 0.91314699
vt 0.80174458 0.92289056
vt 0.80174458 0.95212125
vt 0.80174458 0.96186481
vt 0.83097527 0.91314699
vt 0.83097527 0.92289056
vt 0.83097527 0.95212125
vt 0.83097527 0.96186481
vt 0.84071884 0.92289056
vt 0.84071884 0.95212125
vt 0.84707927 0.82304521
vt 0.84707927 0.87223676
vt 0.84707927 0.87223676
vt 0.84707927 0.87223676
vt 0.84707927 0.82304521
vt 0.84707927 0.82304521
vt 0.84707927 0.87223676
vn 1.00000000 0.0000000e+0 -2.5195570e-16
vn 0.96592583 0.0000000e+0 0.25881905
vn 0.86602540 0.0000000e+0 0.50000000
vn 0.70710678 0.0000000e+0 0.70710678
vn 0.50000000 0.0000000e+0 0.86602540
vn 0.25881905 0.0000000e+0 0.96592583
vn 4.0592862e-16 0.0000000e+0 1.00000000
vn -0.25881905 0.0000000e+0 0.96592583
vn -0.50000000 0.0000000e+0 0.86602540
vn -0.70710678 0.0000000e+0 0.70710678
vn -0.86602540 0.0000000e+0 0.50000000
vn -0.96592583 0.0000000e+0 0.25881905
vn -1.00000000 0.0000000e+0 5.5990155e-16
vn -0.96592583 0.0000000e+0 -0.25881905
vn -0.86602540 0.0000000e+0 -0.50000000
vn -0.70710678 0.0000000e+0 -0.70710678
vn -0.50000000 0.0000000e+0 -0.86602540
vn -0.25881905 0.0000000e+0 -0.96592583
vn -4.6191878e-16 0.0000000e+0 -1.00000000
vn 0.25881905 0.0000000e+0 -0.96592583
vn 0.50000000 0.0000000e+0 -0.86602540
vn 0.70710678 0.0000000e+0 -0.70710678
vn 0.86602540 0.0000000e+0 -0.50000000
vn 0.96592583 0.0000000e+0 -0.25881905
vn 1.00000000 0.0000000e+0 -2.5195570e-16
vn 0.96592583 0.0000000e+0 0.25881905
vn 0.86602540 0.0000000e+0 0.50000000
vn 0.70710678 0.0000000e+0 0.70710678
vn 0.50000000 0.0000000e+0 0.86602540
vn 0.25881905 0.0000000e+0 0.96592583
vn 4.0592862e-16 0.0000000e+0 1.00000000
vn -0.25881905 0.0000000e+0 0.96592583
vn -0.50000000 0.0000000e+0 0.86602540
vn -0.70710678 0.0000000e+0 0.70710678
vn -0.86602540 0.0000000e+0 0.50000000
vn -0.96592583 0.0000000e+0 0.25881905
vn -1.00000000 0.0000000e+0 5.5990155e-16
vn -0.96592583 0.0000000e+0 -0.25881905
vn -0.86602540 0.0000000e+0 -0.50000000
vn -0.70710678 0.0000000e+0 -0.70710678
vn -0.50000000 0.0000000e+0 -0.86602540
vn -0.25881905 0.0000000e+0 -0.96592583
vn -4.6191878e-16 0.0000000e+0 -1.00000000
vn 0.25881905 0.0000000e+0 -0.96592583
vn 0.50000000 0.0000000e+0 -0.86602540
vn 0.70710678 0.0000000e+0 -0.70710678
vn 0.86602540 0.0000000e+0 -0.50000000
vn 0.96592583 0.0000000e+0 -0.25881905
vn -3.8945863e-16 -1.00000000 -9.4023630e-16
vn 0.92387953 -1.1564823e-16 -0.38268343
vn 0.38268343 -1.0263781e-15 0.92387953
vn -3.8945863e-16 -1.00000000 -9.4023630e-16
vn 0.38268343 -1.0263781e-15 0.92387953
vn 3.8945863e-16 1.00000000 9.4023630e-16
vn 0.92387953 -1.1564823e-16 -0.38268343
vn 0.38268343 -1.0263781e-15 0.92387953
vn 3.8945863e-16 1.00000000 9.4023630e-16
vn 0.38268343 -1.0263781e-15 0.92387953
vn -3.8945863e-16 -1.00000000 -9.4023630e-16
vn 0.92387953 -1.1564823e-16 -0.38268343
vn -0.38268343 1.9298799e-15 -0.92387953
vn -3.8945863e-16 -1.00000000 -9.4023630e-16
vn -0.38268343 1.9298799e-15 -0.92387953
vn 3.8945863e-16 1.00000000 9.4023630e-16
vn 0.92387953 -1.1564823e-16 -0.38268343
vn -0.38268343 1.9298799e-15 -0.92387953
vn 3.8945863e-16 1.00000000 9.4023630e-16
vn -0.38268343 1.9298799e-15 -0.92387953
vn -9.4023630e-16 -1.00000000 3.8945863e-16
vn -0.38268343 -1.1564823e-16 -0.92387953
vn 0.92387953 -1.0263781e-15 -0.38268343
vn -9.4023630e-16 -1.00000000 3.8945863e-16
vn 0.92387953 -1.0263781e-15 -0.38268343
vn 9.4023630e-16 1.00000000 -3.8945863e-16
vn -0.38268343 -1.1564823e-16 -0.92387953
vn 0.92387953 -1.0263781e-15 -0.38268343
vn 9.4023630e-16 1.00000000 -3.8945863e-16
vn 0.92387953 -1.0263781e-15 -0.38268343
vn -9.4023630e-16 -1.00000000 3.8945863e-16
vn -0.38268343 -1.1564823e-16 -0.92387953
vn -0.92387953 1.9298799e-15 0.38268343
vn -9.4023630e-16 -1.00000000 3.8945863e-16
vn -0.92387953 1.9298799e-15 0.38268343
vn 9.4023630e-16 1.00000000 -3.8945863e-16
vn -0.38268343 -1.1564823e-16 -0.92387953
vn -0.92387953 1.9298799e-15 0.38268343
vn 9.4023630e-16 1.00000000 -3.8945863e-16
vn -0.92387953 1.9298799e-15 0.38268343
vn 9.4023630e-16 -1.00000000 -3.8945863e-16
vn 0.38268343 -1.1564823e-16 0.92387953
vn -0.92387953 -1.0263781e-15 0.38268343
vn 9.4023630e-16 -1.00000000 -3.8945863e-16
vn -0.92387953 -1.0263781e-15 0.38268343
vn -9.4023630e-16 1.00000000 3.8945863e-16
vn 0.38268343 -1.1564823e-16 0.92387953
vn -0.92387953 -1.0263781e-15 0.38268343
vn -9.4023630e-16 1.00000000 3.8945863e-16
vn -0.92387953 -1.0263781e-15 0.38268343
vn 9.4023630e-16 -1.00000000 -3.8945863e-16
vn 0.38268343 -1.1564823e-16 0.92387953
vn 0.92387953 1.9298799e-15 -0.38268343
vn 9.4023630e-16 -1.00000000 -3.8945863e-16
vn 0.92387953 1.9298799e-15 -0.38268343
vn -9.4023630e-16 1.00000000 3.8945863e-16
vn 0.38268343 -1.1564823e-16 0.92387953
vn 0.92387953 1.9298799e-15 -0.38268343
vn -9.4023630e-16 1.00000000 3.8945863e-16
vn 0.92387953 1.9298799e-15 -0.38268343
vn 3.8945863e-16 -1.00000000 9.4023630e-16
vn -0.92387953 -1.1564823e-16 0.38268343
vn -0.38268343 -1.0263781e-15 -0.92387953
vn 3.8945863e-16 -1.00000000 9.4023630e-16
vn -0.38268343 -1.0263781e-15 -0.92387953
vn -3.8945863e-16 1.00000000 -9.4023630e-16
vn -0.92387953 -1.1564823e-16 0.38268343
vn -0.38268343 -1.0263781e-15 -0.92387953
vn -3.8945863e-16 1.00000000 -9.4023630e-16
vn -0.38268343 -1.0263781e-15 -0.92387953
vn 3.8945863e-16 -1.00000000 9.4023630e-16
vn -0.92387953 -1.1564823e-16 0.38268343
vn 0.38268343 1.9298799e-15 0.92387953
vn 3.8945863e-16 -1.00000000 9.4023630e-16
vn 0.38268343 1.9298799e-15 0.92387953
vn -3.8945863e-16 1.00000000 -9.4023630e-16
vn -0.92387953 -1.1564823e-16 0.38268343
vn 0.38268343 1.9298799e-15 0.92387953
vn -3.8945863e-16 1.00000000 -9.4023630e-16
vn 0.38268343 1.9298799e-15 0.92387953
vn 3.8945863e-16 -1.00000000 -9.4023630e-16
vn -0.92387953 -1.1564823e-16 -0.38268343
vn -0.38268343 -1.0263781e-15 0.92387953
vn 3.8945863e-16 -1.00000000 -9.4023630e-16
vn -0.38268343 -1.0263781e-15 0.92387953
vn -3.8945863e-16 1.00000000 9.4023630e-16
vn -0.92387953 -1.1564823e-16 -0.38268343
vn -0.38268343 -1.0263781e-15 0.92387953
vn -3.8945863e-16 1.00000000 9.4023630e-16
vn -0.38268343 -1.0263781e-15 0.92387953
vn 3.8945863e-16 -1.00000000 -9.4023630e-16
vn -0.92387953 -1.1564823e-16 -0.38268343
vn 0.38268343 1.9298799e-15 -0.92387953
vn 3.8945863e-16 -1.00000000 -9.4023630e-16
vn 0.38268343 1.9298799e-15 -0.92387953
vn -3.8945863e-16 1.00000000 9.4023630e-16
vn -0.92387953 -1.1564823e-16 -0.38268343
vn 0.38268343 1.9298799e-15 -0.92387953
vn -3.8945863e-16 1.00000000 9.4023630e-16
vn 0.38268343 1.9298799e-15 -0.92387953
vn 9.4023630e-16 -1.00000000 3.8945863e-16
vn 0.38268343 -1.1564823e-16 -0.92387953
vn -0.92387953 -1.0263781e-15 -0.38268343
vn 9.4023630e-16 -1.00000000 3.8945863e-16
vn -0.92387953 -1.0263781e-15 -0.38268343
vn -9.4023630e-16 1.00000000 -3.8945863e-16
vn 0.38268343 -1.1564823e-16 -0.92387953
vn -0.92387953 -1.0263781e-15 -0.38268343
vn -9.4023630e-16 1.00000000 -3.8945863e-16
vn -0.92387953 -1.0263781e-15 -0.38268343
vn 9.4023630e-16 -1.00000000 3.8945863e-16
vn 0.38268343 -1.1564823e-16 -0.92387953
vn 0.92387953 1.9298799e-15 0.38268343
vn 9.4023630e-16 -1.00000000 3.8945863e-16
vn 0.92387953 1.9298799e-15 0.38268343
vn -9.4023630e-16 1.00000000 -3.8945863e-16
vn 0.38268343 -1.1564823e-16 -0.92387953
vn 0.92387953 1.9298799e-15 0.38268343
vn -9.4023630e-16 1.00000000 -3.8945863e-16
vn 0.92387953 1.9298799e-15 0.38268343
vn -9.4023630e-16 -1.00000000 -3.8945863e-16
vn -0.38268343 -1.1564823e-16 0.92387953
vn 0.92387953 -1.0263781e-15 0.38268343
vn -9.4023630e-16 -1.00000000 -3.8945863e-16
vn 0.92387953 -1.0263781e-15 0.38268343
vn 9.4023630e-16 1.00000000 3.8945863e-16
vn -0.38268343 -1.1564823e-16 0.92387953
vn 0.92387953 -1.0263781e-15 0.38268343
vn 9.4023630e-16 1.00000000 3.8945863e-16
vn 0.92387953 -1.0263781e-15 0.38268343
vn -9.4023630e-16 -1.00000000 -3.8945863e-16
vn -0.38268343 -1.1564823e-16 0.92387953
vn -0.92387953 1.9298799e-15 -0.38268343
vn -9.4023630e-16 -1.00000000 -3.8945863e-16
vn -0.92387953 1.9298799e-15 -0.38268343
vn 9.4023630e-16 1.00000000 3.8945863e-16
vn -0.38268343 -1.1564823e-16 0.92387953
vn -0.92387953 1.9298799e-15 -0.38268343
vn 9.4023630e-16 1.00000000 3.8945863e-16
vn -0.92387953 1.9298799e-15 -0.38268343
vn -3.8945863e-16 -1.00000000 9.4023630e-16
vn 0.92387953 -1.1564823e-16 0.38268343
vn 0.38268343 -1.0263781e-15 -0.92387953
vn -3.8945863e-16 -1.00000000 9.4023630e-16
vn 0.38268343 -1.0263781e-15 -0.92387953
vn 3.8945863e-16 1.00000000 -9.4023630e-16
vn 0.92387953 -1.1564823e-16 0.38268343
vn 0.38268343 -1.0263781e-15 -0.92387953
vn 3.8945863e-16 1.00000000 -9.4023630e-16
vn 0.38268343 -1.0263781e-15 -0.92387953
vn -3.8945863e-16 -1.00000000 9.4023630e-16
vn 0.92387953 -1.1564823e-16 0.38268343
vn -0.38268343 1.9298799e-15 0.92387953
vn -3.8945863e-16 -1.00000000 9.4023630e-16
vn -0.38268343 1.9298799e-15 0.92387953
vn 3.8945863e-16 1.00000000 -9.4023630e-16
vn 0.92387953 -1.1564823e-16 0.38268343
vn -0.38268343 1.9298799e-15 0.92387953
vn 3.8945863e-16 1.00000000 -9.4023630e-16
vn -0.38268343 1.9298799e-15 0.92387953
g mesh1_mesh1_auv
usemtl mesh1_auv
s 1
f 1/26/1 25/27/25 48/34/48 24/36/24
f 2/18/2 26/15/26 25/27/25 1/26/1
f 3/10/3 27/7/27 26/15/26 2/18/2
f 4/2/4 28/1/28 27/7/27 3/10/3
f 5/42/5 29/40/29 28/63/28 4/60/4
f 6/35/6 30/33/30 29/40/29 5/42/5
f 7/30/7 31/29/31 30/33/30 6/35/6
f 8/20/8 32/19/32 31/29/31 7/30/7
f 9/13/9 33/12/33 32/19/32 8/20/8
f 10/3/10 34/6/34 33/12/33 9/13/9
f 11/43/11 35/41/35 34/64/34 10/65/10
f 12/32/12 36/31/36 35/41/35 11/43/11
f 13/28/13 37/25/37 36/31/36 12/32/12
f 14/17/14 38/16/38 37/25/37 13/28/13
f 15/9/15 39/8/39 38/16/38 14/17/14
f 16/2/16 40/6/40 39/8/39 15/9/15
f 17/46/17 41/39/41 40/59/40 16/61/16
f 18/38/18 42/37/42 41/39/41 17/46/17
f 19/24/19 43/23/43 42/37/42 18/38/18
f 20/22/20 44/21/44 43/23/43 19/24/19
f 21/11/21 45/14/45 44/21/44 20/22/20
f 22/5/22 46/4/46 45/14/45 21/11/21
f 23/45/23 47/44/47 46/64/46 22/62/22
f 24/36/24 48/34/48 47/44/47 23/45/23
f 49/54/51 51/55/56 52/58/58 50/57/53
f 54/47/63 56/48/68 55/51/66 53/50/61
f 57/54/70 61/50/80 63/51/85 59/55/75
f 65/54/90 69/50/100 71/51/105 67/55/95
f 73/54/111 75/55/116 76/58/118 74/57/113
f 78/47/123 80/48/128 79/51/126 77/50/121
f 83/55/135 87/51/145 85/50/140 81/54/130
f 89/54/149 93/50/159 94/49/162 90/53/152
f 92/56/157 96/52/167 95/51/164 91/55/154
f 99/55/175 103/51/185 101/50/180 97/54/170
f 105/54/189 109/50/199 110/49/202 106/53/192
f 108/56/197 112/52/207 111/51/204 107/55/194
s 2
f 49/54/50 53/50/60 55/51/65 51/55/55
f 57/54/71 59/55/76 60/58/78 58/57/73
f 62/47/83 64/48/88 63/51/86 61/50/81
f 65/54/91 67/55/96 68/58/98 66/57/93
f 70/47/103 72/48/108 71/51/106 69/50/101
f 73/54/110 77/50/120 79/51/125 75/55/115
f 81/54/129 85/50/139 86/49/142 82/53/132
f 84/56/137 88/52/147 87/51/144 83/55/134
f 90/57/153 92/58/158 91/55/156 89/54/151
f 93/50/161 95/51/166 96/48/168 94/47/163
f 97/54/169 101/50/179 102/49/182 98/53/172
f 100/56/177 104/52/187 103/51/184 99/55/174
f 107/55/195 111/51/205 109/50/200 105/54/190
s 3
f 50/53/52 54/49/62 53/50/59 49/54/49
f 51/55/54 55/51/64 56/52/67 52/56/57
f 58/53/72 62/49/82 61/50/79 57/54/69
f 59/55/74 63/51/84 64/52/87 60/56/77
f 66/53/92 70/49/102 69/50/99 65/54/89
f 67/55/94 71/51/104 72/52/107 68/56/97
f 74/53/112 78/49/122 77/50/119 73/54/109
f 75/55/114 79/51/124 80/52/127 76/56/117
f 82/57/133 84/58/138 83/55/136 81/54/131
f 85/50/141 87/51/146 88/48/148 86/47/143
f 91/55/155 95/51/165 93/50/160 89/54/150
f 98/57/173 100/58/178 99/55/176 97/54/171
f 101/50/181 103/51/186 104/48/188 102/47/183
f 106/57/193 108/58/198 107/55/196 105/54/191
f 109/50/201 111/51/206 112/48/208 110/47/203
