# Exported from Wings 3D 1.5.4
mtllib blue_steel_docking_adapter_s1_2_collider2.mtl
o collider
#10 vertices, 7 faces
v 0.31250000 0.62500000 0.0000000e+0
v -0.31250000 0.62500000 3.8270212e-17
v -0.22097087 0.62500000 -0.22097087
v -9.5569235e-17 0.62500000 -0.31250000
v 0.22097087 0.62500000 -0.22097087
v 0.31250000 -0.62500000 0.0000000e+0
v -0.31250000 -0.62500000 3.8270212e-17
v -0.22097087 -0.62500000 -0.22097087
v -9.5569235e-17 -0.62500000 -0.31250000
v 0.22097087 -0.62500000 -0.22097087
vn 0.0000000e+0 1.00000000 1.0048592e-16
vn 0.92387953 0.0000000e+0 -0.38268343
vn 6.1232340e-17 0.0000000e+0 1.00000000
vn 0.0000000e+0 1.00000000 1.0048592e-16
vn -0.92387953 0.0000000e+0 -0.38268343
vn 6.1232340e-17 0.0000000e+0 1.00000000
vn 0.0000000e+0 1.00000000 1.0048592e-16
vn -0.38268343 0.0000000e+0 -0.92387953
vn -0.92387953 0.0000000e+0 -0.38268343
vn 0.0000000e+0 1.00000000 1.0048592e-16
vn 0.38268343 0.0000000e+0 -0.92387953
vn -0.38268343 0.0000000e+0 -0.92387953
vn 0.0000000e+0 1.00000000 1.0048592e-16
vn 0.92387953 0.0000000e+0 -0.38268343
vn 0.38268343 0.0000000e+0 -0.92387953
vn 0.92387953 0.0000000e+0 -0.38268343
vn 0.0000000e+0 -1.00000000 1.0048592e-16
vn 6.1232340e-17 0.0000000e+0 1.00000000
vn -0.92387953 0.0000000e+0 -0.38268343
vn 0.0000000e+0 -1.00000000 1.0048592e-16
vn 6.1232340e-17 0.0000000e+0 1.00000000
vn -0.38268343 0.0000000e+0 -0.92387953
vn -0.92387953 0.0000000e+0 -0.38268343
vn 0.0000000e+0 -1.00000000 1.0048592e-16
vn 0.38268343 0.0000000e+0 -0.92387953
vn -0.38268343 0.0000000e+0 -0.92387953
vn 0.0000000e+0 -1.00000000 1.0048592e-16
vn 0.92387953 0.0000000e+0 -0.38268343
vn 0.38268343 0.0000000e+0 -0.92387953
vn 0.0000000e+0 -1.00000000 1.0048592e-16
g collider_default
usemtl default
s 1
f 5//13 4//10 3//7 2//4 1//1
f 6//17 7//20 8//24 9//27 10//30
s 2
f 1//3 2//6 7//21 6//18
f 5//15 10//29 9//25 4//11
s 3
f 1//2 6//16 10//28 5//14
f 3//9 8//23 7//19 2//5
s 4
f 4//12 9//26 8//22 3//8
