# Exported from Wings 3D 1.5.4
mtllib blue_streak_engine_mount_s1p5_1.mtl
o mesh1
#513 vertices, 462 faces
v 1.6426738e-8 0.67500000 0.93750000
v -0.13749997 0.67500000 0.85689778
v 0.13750003 0.67500000 0.85689778
v 1.6426738e-8 0.17500000 0.93750000
v 1.6426738e-8 0.17500000 0.87500000
v -0.13749997 0.17500000 0.85689778
v 0.13750003 0.17500000 0.85689778
v -0.13749997 0.67500000 0.89439778
v -0.11271385 0.67500000 0.92266094
v 0.11271391 0.67500000 0.92266093
v 0.13750003 0.67500000 0.89439778
v -0.13749997 0.17500000 0.89439778
v -0.11271385 0.17500000 0.92266094
v 0.11271391 0.17500000 0.92266093
v 0.13750003 0.17500000 0.89439778
v -0.12980591 0.17500000 0.91265027
v 0.12980597 0.17500000 0.91265027
v -0.12980591 0.67500000 0.91265027
v 0.12980597 0.67500000 0.91265027
v 0.22086308 -0.65000000 -0.87256848
v 0.22086308 0.67500000 -0.87256848
v 0.24501123 -0.65000000 -0.86609801
v 0.24501123 0.67500000 -0.86609801
v 0.21396668 -0.65000000 -0.84683076
v 0.22646668 -0.65000000 -0.84518510
v 0.21481853 0.67500000 -0.85000992
v 0.23811483 0.67500000 -0.84036028
v 0.23811483 -0.65000000 -0.84036028
v 0.62755728 -0.65000000 -0.64523494
v 0.62755728 0.67500000 -0.64523494
v 0.64523495 -0.65000000 -0.62755727
v 0.64523495 0.67500000 -0.62755727
v 0.60871596 -0.65000000 -0.62639362
v 0.61871845 -0.65000000 -0.61871844
v 0.61104327 0.67500000 -0.62872093
v 0.62639363 0.67500000 -0.60871595
v 0.62639363 -0.65000000 -0.60871595
v 0.51819232 -0.65000000 -0.69585485
v 0.53341135 -0.65000000 -0.71568868
v 0.51819232 0.67500000 -0.69585485
v 0.53341135 0.67500000 -0.71568868
v 0.53802615 -0.65000000 -0.68063581
v 0.55324519 -0.65000000 -0.70046965
v 0.53802615 0.67500000 -0.68063581
v 0.55324519 0.67500000 -0.70046965
v 0.43917470 -0.65000000 -0.78567287
v 0.43917470 0.67500000 -0.78567287
v 0.46082533 -0.65000000 -0.77317287
v 0.46082533 0.67500000 -0.77317287
v 0.42585187 -0.65000000 -0.76259705
v 0.43750002 -0.65000000 -0.75777223
v 0.42749753 0.67500000 -0.76544741
v 0.44750251 0.67500000 -0.75009705
v 0.44750251 -0.65000000 -0.75009705
v 0.32043486 -0.65000000 -0.80626221
v 0.33000194 -0.65000000 -0.82935920
v 0.32043486 0.67500000 -0.80626221
v 0.33000194 0.67500000 -0.82935920
v 0.34353184 -0.65000000 -0.79669512
v 0.35309893 -0.65000000 -0.81979211
v 0.34353184 0.67500000 -0.79669512
v 0.35309893 0.67500000 -0.81979211
v -0.22086308 -0.65000000 -0.87256848
v -0.22086308 0.67500000 -0.87256848
v -0.24501123 -0.65000000 -0.86609801
v -0.24501123 0.67500000 -0.86609801
v -0.21396668 -0.65000000 -0.84683076
v -0.22646668 -0.65000000 -0.84518510
v -0.21481853 0.67500000 -0.85000992
v -0.23811483 0.67500000 -0.84036028
v -0.23811483 -0.65000000 -0.84036028
v -0.62755728 -0.65000000 -0.64523494
v -0.62755728 0.67500000 -0.64523494
v -0.64523495 -0.65000000 -0.62755727
v -0.64523495 0.67500000 -0.62755727
v -0.60871596 -0.65000000 -0.62639362
v -0.61871845 -0.65000000 -0.61871844
v -0.61104327 0.67500000 -0.62872093
v -0.62639363 0.67500000 -0.60871595
v -0.62639363 -0.65000000 -0.60871595
v -0.51819232 -0.65000000 -0.69585485
v -0.53341135 -0.65000000 -0.71568868
v -0.51819232 0.67500000 -0.69585485
v -0.53341135 0.67500000 -0.71568868
v -0.53802615 -0.65000000 -0.68063581
v -0.55324519 -0.65000000 -0.70046965
v -0.53802615 0.67500000 -0.68063581
v -0.55324519 0.67500000 -0.70046965
v -0.43917470 -0.65000000 -0.78567287
v -0.43917470 0.67500000 -0.78567287
v -0.46082533 -0.65000000 -0.77317287
v -0.46082533 0.67500000 -0.77317287
v -0.42585187 -0.65000000 -0.76259705
v -0.43750002 -0.65000000 -0.75777223
v -0.42749753 0.67500000 -0.76544741
v -0.44750251 0.67500000 -0.75009705
v -0.44750251 -0.65000000 -0.75009705
v -0.32043486 -0.65000000 -0.80626221
v -0.33000194 -0.65000000 -0.82935920
v -0.32043486 0.67500000 -0.80626221
v -0.33000194 0.67500000 -0.82935920
v -0.34353184 -0.65000000 -0.79669512
v -0.35309893 -0.65000000 -0.81979211
v -0.34353184 0.67500000 -0.79669512
v -0.35309893 0.67500000 -0.81979211
v 0.22086308 -0.65000000 0.87256848
v 0.22086308 0.67500000 0.87256848
v 0.24501123 -0.65000000 0.86609801
v 0.24501123 0.67500000 0.86609801
v 0.21396668 -0.65000000 0.84683076
v 0.22646668 -0.65000000 0.84518510
v 0.21481853 0.67500000 0.85000992
v 0.23811483 0.67500000 0.84036028
v 0.23811483 -0.65000000 0.84036028
v 0.62755728 -0.65000000 0.64523494
v 0.62755728 0.67500000 0.64523494
v 0.64523495 -0.65000000 0.62755727
v 0.64523495 0.67500000 0.62755727
v 0.60871596 -0.65000000 0.62639362
v 0.61871845 -0.65000000 0.61871844
v 0.61104327 0.67500000 0.62872093
v 0.62639363 0.67500000 0.60871595
v 0.62639363 -0.65000000 0.60871595
v 0.51819232 -0.65000000 0.69585485
v 0.53341135 -0.65000000 0.71568868
v 0.51819232 0.67500000 0.69585485
v 0.53341135 0.67500000 0.71568868
v 0.53802615 -0.65000000 0.68063581
v 0.55324519 -0.65000000 0.70046965
v 0.53802615 0.67500000 0.68063581
v 0.55324519 0.67500000 0.70046965
v 0.43917470 -0.65000000 0.78567287
v 0.43917470 0.67500000 0.78567287
v 0.46082533 -0.65000000 0.77317287
v 0.46082533 0.67500000 0.77317287
v 0.42585187 -0.65000000 0.76259705
v 0.43750002 -0.65000000 0.75777223
v 0.42749753 0.67500000 0.76544741
v 0.44750251 0.67500000 0.75009705
v 0.44750251 -0.65000000 0.75009705
v 0.32043486 -0.65000000 0.80626221
v 0.33000194 -0.65000000 0.82935920
v 0.32043486 0.67500000 0.80626221
v 0.33000194 0.67500000 0.82935920
v 0.34353184 -0.65000000 0.79669512
v 0.35309893 -0.65000000 0.81979211
v 0.34353184 0.67500000 0.79669512
v 0.35309893 0.67500000 0.81979211
v -0.22086308 -0.65000000 0.87256848
v -0.22086308 0.67500000 0.87256848
v -0.24501123 -0.65000000 0.86609801
v -0.24501123 0.67500000 0.86609801
v -0.21396668 -0.65000000 0.84683076
v -0.22646668 -0.65000000 0.84518510
v -0.21481853 0.67500000 0.85000992
v -0.23811483 0.67500000 0.84036028
v -0.23811483 -0.65000000 0.84036028
v -0.62755728 -0.65000000 0.64523494
v -0.62755728 0.67500000 0.64523494
v -0.64523495 -0.65000000 0.62755727
v -0.64523495 0.67500000 0.62755727
v -0.60871596 -0.65000000 0.62639362
v -0.61871845 -0.65000000 0.61871844
v -0.61104327 0.67500000 0.62872093
v -0.62639363 0.67500000 0.60871595
v -0.62639363 -0.65000000 0.60871595
v -0.51819232 -0.65000000 0.69585485
v -0.53341135 -0.65000000 0.71568868
v -0.51819232 0.67500000 0.69585485
v -0.53341135 0.67500000 0.71568868
v -0.53802615 -0.65000000 0.68063581
v -0.55324519 -0.65000000 0.70046965
v -0.53802615 0.67500000 0.68063581
v -0.55324519 0.67500000 0.70046965
v -0.43917470 -0.65000000 0.78567287
v -0.43917470 0.67500000 0.78567287
v -0.46082533 -0.65000000 0.77317287
v -0.46082533 0.67500000 0.77317287
v -0.42585187 -0.65000000 0.76259705
v -0.43750002 -0.65000000 0.75777223
v -0.42749753 0.67500000 0.76544741
v -0.44750251 0.67500000 0.75009705
v -0.44750251 -0.65000000 0.75009705
v -0.32043486 -0.65000000 0.80626221
v -0.33000194 -0.65000000 0.82935920
v -0.32043486 0.67500000 0.80626221
v -0.33000194 0.67500000 0.82935920
v -0.34353184 -0.65000000 0.79669512
v -0.35309893 -0.65000000 0.81979211
v -0.34353184 0.67500000 0.79669512
v -0.35309893 0.67500000 0.81979211
v 1.6426739e-8 0.67500000 -0.93750000
v 0.13750000 0.67500000 -0.85689778
v -0.13750000 0.67500000 -0.85689778
v 1.6426739e-8 0.17500000 -0.93750000
v 1.6426739e-8 0.17500000 -0.87500000
v 0.13750000 0.17500000 -0.85689778
v -0.13750000 0.17500000 -0.85689778
v 0.13750000 0.67500000 -0.89439778
v 0.11271388 0.67500000 -0.92266094
v -0.11271388 0.67500000 -0.92266093
v -0.13750000 0.67500000 -0.89439778
v 0.13750000 0.17500000 -0.89439778
v 0.11271388 0.17500000 -0.92266094
v -0.11271388 0.17500000 -0.92266093
v -0.13750000 0.17500000 -0.89439778
v 0.12980594 0.17500000 -0.91265027
v -0.12980594 0.17500000 -0.91265027
v 0.12980594 0.67500000 -0.91265027
v -0.12980594 0.67500000 -0.91265027
v 0.93750002 0.75000000 -2.0961242e-18
v 0.90555548 0.75000000 0.24264285
v 0.81189883 0.75000000 0.46875000
v 0.66291262 0.75000000 0.66291261
v 0.46875002 0.75000000 0.81189882
v 0.24264287 0.75000000 0.90555546
v 1.6426739e-8 0.75000000 0.93750000
v -0.24264284 0.75000000 0.90555546
v -0.46874998 0.75000000 0.81189882
v -0.66291259 0.75000000 0.66291261
v -0.81189880 0.75000000 0.46875000
v -0.90555545 0.75000000 0.24264285
v -0.93749998 0.75000000 1.1271451e-16
v -0.90555545 0.75000000 -0.24264285
v -0.81189880 0.75000000 -0.46875000
v -0.66291259 0.75000000 -0.66291261
v -0.46874998 0.75000000 -0.81189882
v -0.24264284 0.75000000 -0.90555546
v 1.6426739e-8 0.75000000 -0.93750000
v 0.24264287 0.75000000 -0.90555546
v 0.46875002 0.75000000 -0.81189882
v 0.66291262 0.75000000 -0.66291261
v 0.81189883 0.75000000 -0.46875000
v 0.90555548 0.75000000 -0.24264285
v 0.93750002 0.67500000 -2.0961242e-18
v 0.90555548 0.67500000 0.24264285
v 0.81189883 0.67500000 0.46875000
v 0.66291262 0.67500000 0.66291261
v 0.46875002 0.67500000 0.81189882
v 0.24264287 0.67500000 0.90555546
v 1.6426739e-8 0.67500000 0.93750000
v -0.24264284 0.67500000 0.90555546
v -0.46874998 0.67500000 0.81189882
v -0.66291259 0.67500000 0.66291261
v -0.81189880 0.67500000 0.46875000
v -0.90555545 0.67500000 0.24264285
v -0.93749998 0.67500000 1.1271451e-16
v -0.90555545 0.67500000 -0.24264285
v -0.81189880 0.67500000 -0.46875000
v -0.66291259 0.67500000 -0.66291261
v -0.46874998 0.67500000 -0.81189882
v -0.24264284 0.67500000 -0.90555546
v 1.6426739e-8 0.67500000 -0.93750000
v 0.24264287 0.67500000 -0.90555546
v 0.46875002 0.67500000 -0.81189882
v 0.66291262 0.67500000 -0.66291261
v 0.81189883 0.67500000 -0.46875000
v 0.90555548 0.67500000 -0.24264285
v 0.61871845 0.67500000 0.61871843
v 0.43750002 0.67500000 0.75777223
v 0.22646668 0.67500000 0.84518510
v 1.6426739e-8 0.67500000 0.87500000
v -0.22646665 0.67500000 0.84518510
v -0.43749998 0.67500000 0.75777223
v -0.61871842 0.67500000 0.61871843
v -0.61871842 0.67500000 -0.61871843
v -0.43749998 0.67500000 -0.75777223
v -0.22646665 0.67500000 -0.84518510
v 1.6426739e-8 0.67500000 -0.87500000
v 0.22646668 0.67500000 -0.84518510
v 0.43750002 0.67500000 -0.75777223
v 0.61871845 0.67500000 -0.61871843
v 0.61871845 -0.75000000 0.61871843
v 0.43750002 -0.75000000 0.75777223
v 0.22646668 -0.75000000 0.84518510
v 1.6426739e-8 -0.75000000 0.87500000
v -0.22646665 -0.75000000 0.84518510
v -0.43749998 -0.75000000 0.75777223
v -0.61871842 -0.75000000 0.61871843
v -0.61871842 -0.75000000 -0.61871843
v -0.43749998 -0.75000000 -0.75777223
v -0.22646665 -0.75000000 -0.84518510
v 1.6426739e-8 -0.75000000 -0.87500000
v 0.22646668 -0.75000000 -0.84518510
v 0.43750002 -0.75000000 -0.75777223
v 0.61871845 -0.75000000 -0.61871843
v 0.93750002 -0.75000000 4.4236683e-18
v 0.90555548 -0.75000000 0.24264285
v 0.81189883 -0.75000000 0.46875000
v -0.81189880 -0.75000000 0.46875000
v -0.90555545 -0.75000000 0.24264285
v -0.93749998 -0.75000000 1.1923431e-16
v -0.90555545 -0.75000000 -0.24264285
v -0.81189880 -0.75000000 -0.46875000
v 0.81189883 -0.75000000 -0.46875000
v 0.90555548 -0.75000000 -0.24264285
v 0.81250002 -0.75000000 -3.9040487e-18
v 0.78481475 -0.75000000 0.21029047
v 0.70364566 -0.75000000 0.40625000
v 0.57452428 -0.75000000 0.57452426
v -0.57452424 -0.75000000 0.57452426
v -0.70364562 -0.75000000 0.40625000
v -0.78481472 -0.75000000 0.21029047
v -0.81249998 -0.75000000 9.5598504e-17
v -0.78481472 -0.75000000 -0.21029047
v -0.70364562 -0.75000000 -0.40625000
v -0.57452424 -0.75000000 -0.57452426
v 0.57452428 -0.75000000 -0.57452426
v 0.70364566 -0.75000000 -0.40625000
v 0.78481475 -0.75000000 -0.21029047
v 0.81250000 0.12500000 5.6395701e-17
v 0.78481473 0.12500000 0.21029047
v 0.70364564 0.12500000 0.40625000
v 0.57452426 0.12500000 0.57452426
v -0.57452426 0.12500000 0.57452426
v -0.70364564 0.12500000 0.40625000
v -0.78481473 0.12500000 0.21029047
v -0.81250000 0.12500000 1.5589825e-16
v -0.78481473 0.12500000 -0.21029047
v -0.70364564 0.12500000 -0.40625000
v -0.57452426 0.12500000 -0.57452426
v 0.57452426 0.12500000 -0.57452426
v 0.70364564 0.12500000 -0.40625000
v 0.78481473 0.12500000 -0.21029047
v 0.73379328 -0.75000000 -0.46875000
v 0.73379328 0.67500000 -0.46875000
v -0.73379324 0.67500000 -0.46875000
v -0.73379324 -0.75000000 -0.46875000
v 0.73379328 -0.75000000 0.46875000
v 0.73379328 0.67500000 0.46875000
v -0.73379324 -0.75000000 0.46875000
v -0.73379324 0.67500000 0.46875000
v -5.5511151e-17 0.12500000 1.0614698e-16
v 0.36084392 0.12500000 -0.62500000
v 0.16746825 0.12500000 -0.62500000
v 1.7527697e-16 0.12500000 -0.62500000
v -0.16746825 0.12500000 -0.62500000
v -0.36084392 0.12500000 -0.62500000
v -0.36084392 0.12500000 0.62500000
v -0.16746825 0.12500000 0.62500000
v 1.7527697e-16 0.12500000 0.62500000
v 0.16746825 0.12500000 0.62500000
v 0.36084392 0.12500000 0.62500000
v -0.53155190 0.12500000 0.60749811
v -0.47999299 0.12500000 0.62500000
v 0.47999299 0.12500000 0.62500000
v 0.53155190 0.12500000 0.60749811
v -0.53155189 -0.75000000 0.60749811
v -0.47999298 -0.75000000 0.62500000
v 0.47999301 -0.75000000 0.62500000
v 0.53155192 -0.75000000 0.60749811
v 0.53155190 0.12500000 -0.60749811
v 0.47999299 0.12500000 -0.62500000
v 0.53155192 -0.75000000 -0.60749811
v 0.47999301 -0.75000000 -0.62500000
v -0.47999299 0.12500000 -0.62500000
v -0.53155190 0.12500000 -0.60749811
v -0.47999298 -0.75000000 -0.62500000
v -0.53155189 -0.75000000 -0.60749811
v 0.23999651 -0.75000000 0.62500000
v 1.6426739e-8 -0.75000000 0.62500000
v -0.23999648 -0.75000000 0.62500000
v -0.23999648 -0.75000000 -0.62500000
v 1.6426738e-8 -0.75000000 -0.62500000
v 0.23999651 -0.75000000 -0.62500000
v -0.11250000 -0.75000000 -0.72500000
v -0.12422278 -0.75000000 -0.68125000
v -0.15625000 -0.75000000 -0.64922278
v -0.20000000 -0.75000000 -0.63750000
v -0.24375000 -0.75000000 -0.64922278
v -0.27577722 -0.75000000 -0.68125000
v -0.28750000 -0.75000000 -0.72500000
v -0.27577722 -0.75000000 -0.76875000
v -0.24375000 -0.75000000 -0.80077722
v -0.20000000 -0.75000000 -0.81250000
v -0.15625000 -0.75000000 -0.80077722
v -0.12422278 -0.75000000 -0.76875000
v -0.12500000 -1.12500000 -0.72500000
v -0.13504809 -1.12500000 -0.68750000
v -0.16250000 -1.12500000 -0.66004809
v -0.20000000 -1.12500000 -0.65000000
v -0.23750000 -1.12500000 -0.66004809
v -0.26495191 -1.12500000 -0.68750000
v -0.27500000 -1.12500000 -0.72500000
v -0.26495191 -1.12500000 -0.76250000
v -0.23750000 -1.12500000 -0.78995191
v -0.20000000 -1.12500000 -0.80000000
v -0.16250000 -1.12500000 -0.78995191
v -0.13504809 -1.12500000 -0.76250000
v -0.20000000 -1.12500000 -0.72500000
v 0.13750000 -1.12500000 -0.72500000
v 0.14587341 -1.12500000 -0.69375000
v 0.16875000 -1.12500000 -0.67087341
v 0.20000000 -1.12500000 -0.66250000
v 0.23125000 -1.12500000 -0.67087341
v 0.25412659 -1.12500000 -0.69375000
v 0.26250000 -1.12500000 -0.72500000
v 0.25412659 -1.12500000 -0.75625000
v 0.23125000 -1.12500000 -0.77912659
v 0.20000000 -1.12500000 -0.78750000
v 0.16875000 -1.12500000 -0.77912659
v 0.14587341 -1.12500000 -0.75625000
v 0.14587341 -1.50000000 -0.75625000
v 0.13750000 -1.50000000 -0.72500000
v 0.14587341 -1.50000000 -0.69375000
v 0.16875000 -1.50000000 -0.67087341
v 0.20000000 -1.50000000 -0.66250000
v 0.23125000 -1.50000000 -0.67087341
v 0.25412659 -1.50000000 -0.69375000
v 0.26250000 -1.50000000 -0.72500000
v 0.25412659 -1.50000000 -0.75625000
v 0.23125000 -1.50000000 -0.77912659
v 0.20000000 -1.50000000 -0.78750000
v 0.16875000 -1.50000000 -0.77912659
v 0.15669873 -1.50000000 -0.75000000
v 0.15000000 -1.50000000 -0.72500000
v 0.15669873 -1.50000000 -0.70000000
v 0.17500000 -1.50000000 -0.68169873
v 0.20000000 -1.50000000 -0.67500000
v 0.22500000 -1.50000000 -0.68169873
v 0.24330127 -1.50000000 -0.70000000
v 0.25000000 -1.50000000 -0.72500000
v 0.24330127 -1.50000000 -0.75000000
v 0.22500000 -1.50000000 -0.76830127
v 0.20000000 -1.50000000 -0.77500000
v 0.17500000 -1.50000000 -0.76830127
v 0.15669873 -1.37500000 -0.75000000
v 0.15000000 -1.37500000 -0.72500000
v 0.15669873 -1.37500000 -0.70000000
v 0.17500000 -1.37500000 -0.68169873
v 0.20000000 -1.37500000 -0.67500000
v 0.22500000 -1.37500000 -0.68169873
v 0.24330127 -1.37500000 -0.70000000
v 0.25000000 -1.37500000 -0.72500000
v 0.24330127 -1.37500000 -0.75000000
v 0.22500000 -1.37500000 -0.76830127
v 0.20000000 -1.37500000 -0.77500000
v 0.17500000 -1.37500000 -0.76830127
v 0.20000000 -1.37500000 -0.72500000
v 0.11250000 -0.75000000 -0.72500000
v 0.12422278 -0.75000000 -0.68125000
v 0.15625000 -0.75000000 -0.64922278
v 0.20000000 -0.75000000 -0.63750000
v 0.24375000 -0.75000000 -0.64922278
v 0.27577722 -0.75000000 -0.68125000
v 0.28750000 -0.75000000 -0.72500000
v 0.27577722 -0.75000000 -0.76875000
v 0.24375000 -0.75000000 -0.80077722
v 0.20000000 -0.75000000 -0.81250000
v 0.15625000 -0.75000000 -0.80077722
v 0.12422278 -0.75000000 -0.76875000
v 0.12500000 -1.12500000 -0.72500000
v 0.13504809 -1.12500000 -0.68750000
v 0.16250000 -1.12500000 -0.66004809
v 0.20000000 -1.12500000 -0.65000000
v 0.23750000 -1.12500000 -0.66004809
v 0.26495191 -1.12500000 -0.68750000
v 0.27500000 -1.12500000 -0.72500000
v 0.26495191 -1.12500000 -0.76250000
v 0.23750000 -1.12500000 -0.78995191
v 0.20000000 -1.12500000 -0.80000000
v 0.16250000 -1.12500000 -0.78995191
v 0.13504809 -1.12500000 -0.76250000
v 0.20000000 -1.12500000 -0.72500000
v -0.13750000 -1.12500000 -0.72500000
v -0.14587341 -1.12500000 -0.69375000
v -0.16875000 -1.12500000 -0.67087341
v -0.20000000 -1.12500000 -0.66250000
v -0.23125000 -1.12500000 -0.67087341
v -0.25412659 -1.12500000 -0.69375000
v -0.26250000 -1.12500000 -0.72500000
v -0.25412659 -1.12500000 -0.75625000
v -0.23125000 -1.12500000 -0.77912659
v -0.20000000 -1.12500000 -0.78750000
v -0.16875000 -1.12500000 -0.77912659
v -0.14587341 -1.12500000 -0.75625000
v -0.14587341 -1.50000000 -0.75625000
v -0.13750000 -1.50000000 -0.72500000
v -0.14587341 -1.50000000 -0.69375000
v -0.16875000 -1.50000000 -0.67087341
v -0.20000000 -1.50000000 -0.66250000
v -0.23125000 -1.50000000 -0.67087341
v -0.25412659 -1.50000000 -0.69375000
v -0.26250000 -1.50000000 -0.72500000
v -0.25412659 -1.50000000 -0.75625000
v -0.23125000 -1.50000000 -0.77912659
v -0.20000000 -1.50000000 -0.78750000
v -0.16875000 -1.50000000 -0.77912659
v -0.15669873 -1.50000000 -0.75000000
v -0.15000000 -1.50000000 -0.72500000
v -0.15669873 -1.50000000 -0.70000000
v -0.17500000 -1.50000000 -0.68169873
v -0.20000000 -1.50000000 -0.67500000
v -0.22500000 -1.50000000 -0.68169873
v -0.24330127 -1.50000000 -0.70000000
v -0.25000000 -1.50000000 -0.72500000
v -0.24330127 -1.50000000 -0.75000000
v -0.22500000 -1.50000000 -0.76830127
v -0.20000000 -1.50000000 -0.77500000
v -0.17500000 -1.50000000 -0.76830127
v -0.15669873 -1.37500000 -0.75000000
v -0.15000000 -1.37500000 -0.72500000
v -0.15669873 -1.37500000 -0.70000000
v -0.17500000 -1.37500000 -0.68169873
v -0.20000000 -1.37500000 -0.67500000
v -0.22500000 -1.37500000 -0.68169873
v -0.24330127 -1.37500000 -0.70000000
v -0.25000000 -1.37500000 -0.72500000
v -0.24330127 -1.37500000 -0.75000000
v -0.22500000 -1.37500000 -0.76830127
v -0.20000000 -1.37500000 -0.77500000
v -0.17500000 -1.37500000 -0.76830127
v -0.20000000 -1.37500000 -0.72500000
vt 1.8750000e-2 0.67044886
vt 1.8750000e-2 0.68505141
vt 1.8750000e-2 0.70359538
vt 1.8750000e-2 0.98125000
vt 1.8820261e-2 0.65187960
vt 1.8883771e-2 0.61242595
vt 2.7502536e-2 0.62104471
vt 2.8077430e-2 0.63991015
vt 4.8130674e-2 0.57475184
vt 4.8130674e-2 0.58998401
vt 5.5552925e-2 0.70359538
vt 5.5552925e-2 0.98125000
vt 6.0319448e-2 0.59586341
vt 6.4880354e-2 0.63991015
vt 6.6398373e-2 0.67044886
vt 6.6398373e-2 0.68505141
vt 6.6468633e-2 0.65187960
vt 6.7724575e-2 0.65187960
vt 6.9312854e-2 0.63991015
vt 9.2226178e-2 0.55648688
vt 9.8535552e-2 0.58003378
vt 0.10002474 0.70359538
vt 0.10002474 0.98125000
vt 0.11378467 0.63991015
vt 0.11404675 0.67044886
vt 0.11404675 0.68505141
vt 0.11537295 0.65187960
vt 0.11663627 0.65187960
vt 0.11822455 0.63991015
vt 0.13954648 0.55025704
vt 0.13954648 0.57463459
vt 0.14449655 0.70359538
vt 0.14449655 0.98125000
vt 0.16169512 0.67044886
vt 0.16169512 0.68505141
vt 0.16269636 0.63991015
vt 0.16428464 0.65187960
vt 0.16526732 0.65187960
vt 0.16685560 0.63991015
vt 0.18055741 0.58003378
vt 0.18686679 0.55648688
vt 0.18896837 0.70359538
vt 0.18896837 0.98125000
vt 0.20934349 0.67044886
vt 0.20934349 0.68505141
vt 0.21132742 0.63991015
vt 0.21291570 0.65187960
vt 0.21341162 0.65187960
vt 0.21499990 0.63991015
vt 0.21877352 0.59586341
vt 0.23096229 0.57475184
vt 0.23096229 0.58998401
vt 0.23344018 0.70359538
vt 0.23344018 0.98125000
vt 0.25159043 0.62104471
vt 0.25699186 0.67044886
vt 0.25699186 0.68505141
vt 0.25947171 0.63991015
vt 0.26020919 0.61242595
vt 0.26105999 0.65187960
vt 0.26204266 0.65187960
vt 0.26363094 0.63991015
vt 0.27791200 0.70359538
vt 0.27791200 0.98125000
vt 0.27874744 0.54344936
vt 0.27874744 0.61195666
vt 0.28736621 0.55206813
vt 0.28736621 0.62057542
vt 0.29574669 0.54563755
vt 0.29574669 0.61414485
vt 0.30464024 0.67044886
vt 0.30464024 0.68505141
vt 0.30580173 0.54222433
vt 0.30580173 0.61073163
vt 0.30810275 0.63991015
vt 0.30969103 0.65187960
vt 0.31095426 0.65187960
vt 0.31095433 0.65187960
vt 0.31254253 0.63991015
vt 0.31254261 0.63991015
vt 0.31408873 0.51633104
vt 0.31408873 0.58483833
vt 0.32238381 0.70359538
vt 0.32238381 0.98125000
vt 0.35228861 0.67044886
vt 0.35228861 0.68505141
vt 0.35260594 0.54222433
vt 0.35260594 0.61073163
vt 0.35524453 0.49928374
vt 0.35524453 0.56779104
vt 0.35701435 0.63991015
vt 0.35701442 0.63991015
vt 0.35860263 0.65187960
vt 0.35860270 0.65187960
vt 0.35918674 0.70359538
vt 0.35918674 0.98125000
vt 0.35985848 0.65187960
vt 0.35985855 0.65187960
vt 0.36144676 0.63991015
vt 0.36144683 0.63991015
vt 0.37889680 0.70357780
vt 0.37889680 0.98093483
vt 0.39410336 0.70357780
vt 0.39410336 0.98093483
vt 0.39824969 0.63991015
vt 0.39824976 0.63991015
vt 0.39941015 0.49346923
vt 0.39941015 0.54222433
vt 0.39941015 0.56197653
vt 0.39941015 0.61073163
vt 0.39993698 0.67044886
vt 0.39993698 0.68505141
vt 0.40750686 0.65187960
vt 0.40750693 0.65187960
vt 0.41255479 0.70357780
vt 0.41255479 0.98093483
vt 0.44357577 0.49928374
vt 0.44357577 0.56779104
vt 0.44621436 0.54222433
vt 0.44621436 0.61073163
vt 0.44758536 0.67044886
vt 0.44758536 0.68505141
vt 0.46071228 0.70357780
vt 0.46071228 0.98093483
vt 0.48473157 0.51633104
vt 0.48473157 0.58483833
vt 0.49301857 0.54222433
vt 0.49301857 0.61073163
vt 0.49523373 0.67044886
vt 0.49523373 0.68505141
vt 0.50307361 0.54563755
vt 0.50307361 0.61414485
vt 0.50836065 0.70357780
vt 0.50836065 0.98093483
vt 0.51145410 0.55206813
vt 0.51145410 0.62057542
vt 0.52007286 0.54344936
vt 0.52007286 0.61195666
vt 0.54288210 0.67044886
vt 0.54288210 0.68505141
vt 0.55600902 0.70357780
vt 0.55600902 0.98093483
vt 0.56895184 0.64314028
vt 0.57014065 0.63870357
vt 0.57014065 0.64757700
vt 0.57338855 0.63545567
vt 0.57338855 0.65082490
vt 0.57363857 0.58984635
vt 0.57542179 0.58319128
vt 0.57542179 0.59650143
vt 0.57782526 0.63426686
vt 0.57782526 0.64314028
vt 0.57782526 0.65201371
vt 0.58029364 0.57831943
vt 0.58029364 0.60137328
vt 0.58226198 0.63545567
vt 0.58226198 0.65082490
vt 0.58550988 0.63870357
vt 0.58550988 0.64757700
vt 0.58669869 0.64314028
vt 0.58694871 0.57653621
vt 0.58694871 0.58984635
vt 0.58694871 0.60315650
vt 0.59053047 0.67044886
vt 0.59053047 0.68505141
vt 0.59360378 0.57831943
vt 0.59360378 0.60137328
vt 0.59847563 0.58319128
vt 0.59847563 0.59650143
vt 0.60025885 0.58984635
vt 0.60387812 0.70357780
vt 0.60387812 0.98093483
vt 0.60573803 0.63451086
vt 0.60573803 0.65208664
vt 0.60573900 0.65208694
vt 0.60573943 0.65208665
vt 0.60573943 0.65208695
vt 0.60573944 0.64623383
vt 0.60573944 0.64623412
vt 0.60573958 0.64623412
vt 0.60574319 0.64036306
vt 0.60574319 0.64036370
vt 0.60574319 0.64623380
vt 0.60574319 0.64623444
vt 0.60574344 0.63451086
vt 0.60574344 0.63451115
vt 0.60574402 0.64036308
vt 0.60574402 0.64036338
vt 0.60574475 0.63451115
vt 0.60574475 0.64036338
vt 0.60574776 0.63451086
vt 0.60574776 0.65208664
vt 0.61929181 0.57861573
vt 0.61929181 0.60132723
vt 0.61942238 0.58618585
vt 0.61942238 0.59375710
vt 0.62256348 0.70357780
vt 0.62256348 0.98093483
vt 0.63217531 0.63451086
vt 0.63217531 0.65208664
vt 0.63218386 0.63451086
vt 0.63218386 0.63451115
vt 0.63218593 0.63451115
vt 0.63218746 0.65208694
vt 0.63218816 0.65208665
vt 0.63218816 0.65208695
vt 0.63220128 0.63451086
vt 0.63220128 0.65208664
vt 0.63229628 0.64036306
vt 0.63229628 0.64623444
vt 0.63229766 0.64036308
vt 0.63229766 0.64036338
vt 0.63229882 0.64036338
vt 0.63229920 0.64623383
vt 0.63229920 0.64623412
vt 0.63229943 0.64623412
vt 0.63230516 0.64036370
vt 0.63230516 0.64623380
vt 0.63603677 0.63451086
vt 0.63603677 0.65208664
vt 0.63604619 0.63451086
vt 0.63604619 0.63451115
vt 0.63604837 0.63451115
vt 0.63605387 0.65208694
vt 0.63605467 0.65208665
vt 0.63605467 0.65208695
vt 0.63606866 0.63451086
vt 0.63606866 0.65208664
vt 0.63611670 0.64036306
vt 0.63611670 0.64623444
vt 0.63611829 0.64036308
vt 0.63611829 0.64036338
vt 0.63611947 0.64036338
vt 0.63612095 0.64623383
vt 0.63612095 0.64623412
vt 0.63612115 0.64623412
vt 0.63612711 0.64036370
vt 0.63612711 0.64623380
vt 0.63824301 0.70357780
vt 0.63824301 0.98093483
vt 0.65800203 0.72315176
vt 0.65800203 0.72315176
vt 0.65800203 0.72315176
vt 0.65828613 0.98090513
vt 0.65828613 0.98090513
vt 0.65828613 0.98090513
vt 0.66260446 0.71832628
vt 0.66260446 0.72315176
vt 0.66260446 0.71832628
vt 0.66260446 0.72315176
vt 0.66260446 0.98090513
vt 0.66260446 0.71832628
vt 0.66260446 0.72315176
vt 0.66260446 0.98090513
vt 0.66260446 0.98090513
vt 0.66491577 0.71832628
vt 0.66491577 0.71832628
vt 0.66491577 0.71832628
vt 0.66722708 0.71832628
vt 0.66722708 0.72315176
vt 0.66722708 0.72315176
vt 0.66722708 0.71832628
vt 0.66722708 0.71832628
vt 0.66722708 0.98090513
vt 0.66722708 0.72315176
vt 0.66722708 0.98090513
vt 0.66722708 0.98090513
vt 0.67183393 0.72315176
vt 0.67183393 0.72315176
vt 0.67183393 0.98090513
vt 0.67183393 0.72315176
vt 0.67183393 0.98090513
vt 0.67183393 0.98090513
vt 0.69219434 0.72314069
vt 0.69219434 0.72314069
vt 0.69250152 0.98091928
vt 0.69250152 0.98091928
vt 0.69251676 0.57672311
vt 0.69251676 0.58555492
vt 0.69251676 0.59438804
vt 0.69251676 0.60321985
vt 0.69681696 0.98091928
vt 0.69681696 0.98091928
vt 0.69681696 0.72314069
vt 0.69681696 0.71837700
vt 0.69681696 0.72314069
vt 0.69681696 0.71837700
vt 0.70143958 0.98091928
vt 0.70143958 0.98091928
vt 0.70143958 0.72314069
vt 0.70143958 0.71837700
vt 0.70143958 0.72314069
vt 0.70143958 0.71837700
vt 0.70606220 0.98091928
vt 0.70606220 0.98091928
vt 0.70606220 0.72314069
vt 0.70606220 0.72314069
vt 0.70606914 0.63451086
vt 0.70606914 0.63451115
vt 0.70606914 0.64036308
vt 0.70606914 0.64036338
vt 0.70606914 0.64623383
vt 0.70606914 0.64623412
vt 0.70606914 0.65208665
vt 0.70606914 0.65208695
vt 0.70606958 0.63451115
vt 0.70606958 0.64036338
vt 0.70606958 0.64623412
vt 0.70606958 0.65208694
vt 0.70607055 0.63451086
vt 0.70607055 0.64036306
vt 0.70607055 0.64036370
vt 0.70607055 0.64623380
vt 0.70607055 0.64623444
vt 0.70607055 0.65208664
vt 0.72717089 0.65807935
vt 0.72717089 0.82872220
vt 0.72726875 0.88314691
vt 0.72726875 0.98101608
vt 0.73462322 0.88314691
vt 0.73462322 0.98101609
vt 0.73647497 0.46797263
vt 0.73647497 0.63861548
vt 0.73772235 0.84823071
vt 0.73772235 0.85558518
vt 0.73850792 0.88314691
vt 0.73850792 0.98101609
vt 0.73923131 0.85916484
vt 0.74239262 0.88314691
vt 0.74239262 0.98101608
vt 0.74258339 0.86112812
vt 0.74703834 0.46797263
vt 0.74703834 0.63861548
vt 0.75765690 0.46797263
vt 0.75765690 0.63861548
vt 0.75765691 0.46797263
vt 0.75765691 0.63861548
vt 0.76468871 0.88314691
vt 0.76468871 0.98101608
vt 0.76468873 0.85178090
vt 0.76468873 0.86403834
vt 0.76853570 0.65807935
vt 0.76853570 0.82872220
vt 0.78089340 0.63861548
vt 0.78089341 0.63861548
vt 0.78679408 0.86112812
vt 0.78698480 0.88314691
vt 0.78698481 0.98101608
vt 0.79014615 0.85916484
vt 0.79086951 0.88314691
vt 0.79086951 0.98101608
vt 0.79165511 0.84823071
vt 0.79165511 0.85558517
vt 0.79475421 0.88314691
vt 0.79475421 0.98101608
vt 0.80210868 0.88314691
vt 0.80210868 0.98101608
vt 0.80446111 0.46797263
vt 0.80446112 0.46797263
vt 0.80990051 0.65807935
vt 0.80990051 0.82872220
vt 0.81860560 0.63861548
vt 0.81860561 0.63861548
vt 0.82279593 0.85936225
vt 0.82279593 0.98125000
vt 0.85126532 0.46797263
vt 0.85126532 0.63861548
vt 0.85126533 0.46797263
vt 0.85126533 0.63861548
vt 0.85126533 0.65807935
vt 0.85126533 0.82872220
vt 0.85545565 0.85936225
vt 0.88392505 0.63861548
vt 0.89263014 0.65807935
vt 0.89263014 0.82872220
vt 0.89316785 0.85936225
vt 0.89806954 0.46797263
vt 0.91640435 0.85936225
vt 0.92163725 0.63861548
vt 0.92645939 0.86277548
vt 0.93399495 0.65807935
vt 0.93399495 0.82872220
vt 0.93483988 0.86920605
vt 0.94487375 0.46797263
vt 0.94487375 0.63861548
vt 0.95549231 0.46797263
vt 0.95549231 0.63861548
vt 0.96002118 0.90202297
vt 0.96605568 0.46797263
vt 0.96605568 0.63861548
vt 0.96605569 0.46797263
vt 0.96605569 0.63861548
vt 0.97535976 0.65807935
vt 0.97535976 0.82872220
vt 0.97585081 0.94023907
vt 0.98125000 0.98125000
vn 2.8020551e-8 0.0000000e+0 1.00000000
vn -1.00000000 0.0000000e+0 0.0000000e+0
vn 1.00000000 0.0000000e+0 0.0000000e+0
vn 0.0000000e+0 -1.00000000 0.0000000e+0
vn -0.98017253 0.0000000e+0 0.19814592
vn -0.32438907 0.0000000e+0 0.94592375
vn 0.32438889 0.0000000e+0 0.94592381
vn 0.98017253 0.0000000e+0 0.19814592
vn -0.75183990 0.0000000e+0 0.65934571
vn 0.75183976 0.0000000e+0 0.65934587
vn 0.0000000e+0 -1.00000000 -1.7360913e-15
vn -0.96592583 -1.5354581e-17 -0.25881905
vn 0.96592583 0.0000000e+0 0.25881905
vn 0.0000000e+0 -1.00000000 1.1428036e-16
vn -0.70710678 4.2992828e-17 -0.70710678
vn 0.70710678 0.0000000e+0 0.70710678
vn -0.79335334 0.0000000e+0 -0.60876142
vn 0.79335334 0.0000000e+0 0.60876142
vn 0.0000000e+0 -1.00000000 1.8503717e-15
vn -0.86602540 2.4567330e-17 -0.50000000
vn 0.86602540 0.0000000e+0 0.50000000
vn -0.92387953 0.0000000e+0 -0.38268343
vn 0.92387953 0.0000000e+0 0.38268343
vn 0.0000000e+0 -1.00000000 -1.7360913e-15
vn 0.96592583 -1.5354581e-17 -0.25881905
vn -0.96592583 0.0000000e+0 0.25881905
vn 0.0000000e+0 -1.00000000 1.1428036e-16
vn 0.70710678 4.2992828e-17 -0.70710678
vn -0.70710678 0.0000000e+0 0.70710678
vn 0.79335334 0.0000000e+0 -0.60876142
vn -0.79335334 0.0000000e+0 0.60876142
vn 0.0000000e+0 -1.00000000 1.8503717e-15
vn 0.86602540 2.4567330e-17 -0.50000000
vn -0.86602540 0.0000000e+0 0.50000000
vn 0.92387953 0.0000000e+0 -0.38268343
vn -0.92387953 0.0000000e+0 0.38268343
vn 0.0000000e+0 -1.00000000 1.7360913e-15
vn -0.96592583 -1.5354581e-17 0.25881905
vn 0.96592583 0.0000000e+0 -0.25881905
vn 0.0000000e+0 -1.00000000 -1.1428036e-16
vn -0.70710678 4.2992828e-17 0.70710678
vn 0.70710678 0.0000000e+0 -0.70710678
vn -0.79335334 0.0000000e+0 0.60876142
vn 0.79335334 0.0000000e+0 -0.60876142
vn 0.0000000e+0 -1.00000000 -1.8503717e-15
vn -0.86602540 2.4567330e-17 0.50000000
vn 0.86602540 0.0000000e+0 -0.50000000
vn -0.92387953 0.0000000e+0 0.38268343
vn 0.92387953 0.0000000e+0 -0.38268343
vn 0.0000000e+0 -1.00000000 1.7360913e-15
vn 0.96592583 -1.5354581e-17 0.25881905
vn -0.96592583 0.0000000e+0 -0.25881905
vn 0.0000000e+0 -1.00000000 -1.1428036e-16
vn 0.70710678 4.2992828e-17 0.70710678
vn -0.70710678 0.0000000e+0 -0.70710678
vn 0.79335334 0.0000000e+0 0.60876142
vn -0.79335334 0.0000000e+0 -0.60876142
vn 0.0000000e+0 -1.00000000 -1.8503717e-15
vn 0.86602540 2.4567330e-17 0.50000000
vn -0.86602540 0.0000000e+0 -0.50000000
vn 0.92387953 0.0000000e+0 0.38268343
vn -0.92387953 0.0000000e+0 -0.38268343
vn -2.4744405e-8 0.0000000e+0 -1.00000000
vn 1.00000000 0.0000000e+0 0.0000000e+0
vn -1.00000000 0.0000000e+0 0.0000000e+0
vn 0.0000000e+0 -1.00000000 0.0000000e+0
vn 0.98017253 0.0000000e+0 -0.19814592
vn 0.32438907 0.0000000e+0 -0.94592375
vn -0.32438889 0.0000000e+0 -0.94592381
vn -0.98017253 0.0000000e+0 -0.19814592
vn 0.75183990 0.0000000e+0 -0.65934571
vn -0.75183976 0.0000000e+0 -0.65934587
vn 1.00000000 0.0000000e+0 0.0000000e+0
vn 0.96592582 0.0000000e+0 0.25881905
vn -0.96592583 0.0000000e+0 0.25881903
vn -1.00000000 0.0000000e+0 5.5990155e-17
vn -0.96592583 0.0000000e+0 -0.25881903
vn 0.96592582 0.0000000e+0 -0.25881905
vn 0.0000000e+0 -1.00000000 1.7403331e-18
vn 0.99944491 -3.3314820e-2 1.7240171e-16
vn 0.86554468 -3.3314818e-2 0.49972244
vn 0.49972244 -3.3314818e-2 0.86554468
vn -8.6200854e-17 -3.3314820e-2 0.99944491
vn -0.49972244 -3.3314818e-2 0.86554468
vn -0.86554468 -3.3314818e-2 0.49972244
vn -0.99944491 -3.3314820e-2 2.0113533e-16
vn -0.86554468 -3.3314818e-2 -0.49972244
vn -0.49972244 -3.3314818e-2 -0.86554468
vn -8.6200854e-17 -3.3314820e-2 -0.99944491
vn 0.49972244 -3.3314818e-2 -0.86554468
vn 0.86554468 -3.3314818e-2 -0.49972244
vn 0.0000000e+0 -1.00000000 0.0000000e+0
vn -1.00000000 0.0000000e+0 0.0000000e+0
vn -0.86602542 0.0000000e+0 0.49999997
vn -0.49999997 0.0000000e+0 0.86602542
vn 0.0000000e+0 0.0000000e+0 1.00000000
vn 0.49999997 0.0000000e+0 0.86602542
vn 0.86602542 0.0000000e+0 0.49999997
vn 1.00000000 0.0000000e+0 0.0000000e+0
vn 0.86602542 0.0000000e+0 -0.49999997
vn 0.49999997 0.0000000e+0 -0.86602542
vn 0.0000000e+0 0.0000000e+0 -1.00000000
vn -0.49999997 0.0000000e+0 -0.86602542
vn -0.86602542 0.0000000e+0 -0.49999997
vn 0.0000000e+0 -1.00000000 2.4980595e-30
vn -0.99944491 -3.3314820e-2 1.7240171e-16
vn -0.86554468 -3.3314818e-2 0.49972244
vn -0.49972244 -3.3314818e-2 0.86554468
vn 8.6200854e-17 -3.3314820e-2 0.99944491
vn 0.49972244 -3.3314818e-2 0.86554468
vn 0.86554468 -3.3314818e-2 0.49972244
vn 0.99944491 -3.3314820e-2 2.0113533e-16
vn 0.86554468 -3.3314818e-2 -0.49972244
vn 0.49972244 -3.3314818e-2 -0.86554468
vn 8.6200854e-17 -3.3314820e-2 -0.99944491
vn -0.49972244 -3.3314818e-2 -0.86554468
vn -0.86554468 -3.3314818e-2 -0.49972244
vn 0.0000000e+0 -1.00000000 0.0000000e+0
vn 1.00000000 0.0000000e+0 0.0000000e+0
vn 0.86602542 0.0000000e+0 0.49999997
vn 0.49999997 0.0000000e+0 0.86602542
vn 0.0000000e+0 0.0000000e+0 1.00000000
vn -0.49999997 0.0000000e+0 0.86602542
vn -0.86602542 0.0000000e+0 0.49999997
vn -1.00000000 0.0000000e+0 0.0000000e+0
vn -0.86602542 0.0000000e+0 -0.49999997
vn -0.49999997 0.0000000e+0 -0.86602542
vn 0.0000000e+0 0.0000000e+0 -1.00000000
vn 0.49999997 0.0000000e+0 -0.86602542
vn 0.86602542 0.0000000e+0 -0.49999997
vn 0.0000000e+0 -1.00000000 2.4980595e-30
vn 2.8020551e-8 0.0000000e+0 1.00000000
vn 2.8020551e-8 0.0000000e+0 1.00000000
vn 0.0000000e+0 -1.00000000 0.0000000e+0
vn 0.0000000e+0 -1.00000000 0.0000000e+0
vn -1.00000000 0.0000000e+0 0.0000000e+0
vn 0.0000000e+0 -1.00000000 0.0000000e+0
vn 1.00000000 0.0000000e+0 0.0000000e+0
vn 0.0000000e+0 -1.00000000 0.0000000e+0
vn -0.99127654 0.0000000e+0 0.13179839
vn -0.99127654 0.0000000e+0 0.13179839
vn -0.99127654 0.0000000e+0 0.13179839
vn 0.0000000e+0 -1.00000000 0.0000000e+0
vn -0.32438907 0.0000000e+0 0.94592375
vn -0.32438907 0.0000000e+0 0.94592375
vn 0.0000000e+0 -1.00000000 0.0000000e+0
vn 0.32438889 0.0000000e+0 0.94592381
vn 0.32438889 0.0000000e+0 0.94592381
vn 0.0000000e+0 -1.00000000 0.0000000e+0
vn 0.99127654 0.0000000e+0 0.13179839
vn 0.99127654 0.0000000e+0 0.13179839
vn 0.99127654 0.0000000e+0 0.13179839
vn 0.0000000e+0 -1.00000000 0.0000000e+0
vn -0.75183990 0.0000000e+0 0.65934571
vn -0.75183990 0.0000000e+0 0.65934571
vn 0.0000000e+0 -1.00000000 0.0000000e+0
vn 0.75183976 0.0000000e+0 0.65934587
vn 0.75183976 0.0000000e+0 0.65934587
vn 0.0000000e+0 -1.00000000 0.0000000e+0
vn 0.25881905 0.0000000e+0 -0.96592583
vn 0.0000000e+0 -1.00000000 -5.2082740e-15
vn -0.96592583 -1.5354581e-17 -0.25881905
vn 0.0000000e+0 -1.00000000 -5.2082740e-15
vn -0.96592583 -1.5354581e-17 -0.25881905
vn 0.25881905 0.0000000e+0 -0.96592583
vn -0.96592583 0.0000000e+0 -0.25881905
vn 0.25881905 0.0000000e+0 -0.96592583
vn 0.0000000e+0 -1.00000000 2.6041370e-15
vn 0.96592583 0.0000000e+0 0.25881905
vn 0.0000000e+0 -1.00000000 2.6041370e-15
vn 0.96592583 0.0000000e+0 0.25881905
vn 0.25881905 0.0000000e+0 -0.96592583
vn 0.96592583 0.0000000e+0 0.25881905
vn 0.0000000e+0 -1.00000000 -1.0416548e-14
vn -0.96592583 -3.0709163e-17 -0.25881905
vn 0.96592583 0.0000000e+0 0.25881905
vn 0.0000000e+0 -1.00000000 5.2082740e-15
vn 0.70710678 0.0000000e+0 -0.70710678
vn 0.0000000e+0 -1.00000000 5.3796945e-15
vn -0.70710678 4.2992828e-17 -0.70710678
vn 0.0000000e+0 -1.00000000 5.3796945e-15
vn -0.70710678 4.2992828e-17 -0.70710678
vn 0.70710678 0.0000000e+0 -0.70710678
vn -0.70710678 0.0000000e+0 -0.70710678
vn 0.70710678 0.0000000e+0 -0.70710678
vn 0.0000000e+0 -1.00000000 -2.4327164e-15
vn 0.70710678 0.0000000e+0 0.70710678
vn 0.0000000e+0 -1.00000000 -2.4327164e-15
vn 0.70710678 0.0000000e+0 0.70710678
vn 0.70710678 0.0000000e+0 -0.70710678
vn 0.70710678 0.0000000e+0 0.70710678
vn 0.0000000e+0 -1.00000000 5.2082740e-15
vn -0.70710678 8.5985655e-17 -0.70710678
vn 0.70710678 0.0000000e+0 0.70710678
vn 0.0000000e+0 -1.00000000 -1.0416548e-14
vn 0.0000000e+0 -1.00000000 0.0000000e+0
vn -0.79335334 0.0000000e+0 -0.60876142
vn 0.0000000e+0 -1.00000000 0.0000000e+0
vn 0.60876142 0.0000000e+0 -0.79335334
vn -0.79335334 0.0000000e+0 -0.60876142
vn -0.79335334 0.0000000e+0 -0.60876142
vn 0.60876142 0.0000000e+0 -0.79335334
vn -0.79335334 0.0000000e+0 -0.60876142
vn 0.0000000e+0 -1.00000000 0.0000000e+0
vn 0.79335334 0.0000000e+0 0.60876142
vn 0.0000000e+0 -1.00000000 0.0000000e+0
vn 0.60876142 0.0000000e+0 -0.79335334
vn 0.79335334 0.0000000e+0 0.60876142
vn 0.79335334 0.0000000e+0 0.60876142
vn 0.60876142 0.0000000e+0 -0.79335334
vn 0.79335334 0.0000000e+0 0.60876142
vn 0.50000000 0.0000000e+0 -0.86602540
vn 0.0000000e+0 -1.00000000 2.7755576e-15
vn -0.86602540 2.4567330e-17 -0.50000000
vn 0.0000000e+0 -1.00000000 2.7755576e-15
vn -0.86602540 2.4567330e-17 -0.50000000
vn 0.50000000 0.0000000e+0 -0.86602540
vn -0.86602540 0.0000000e+0 -0.50000000
vn 0.50000000 0.0000000e+0 -0.86602540
vn 0.0000000e+0 -1.00000000 2.7755576e-15
vn 0.86602540 0.0000000e+0 0.50000000
vn 0.0000000e+0 -1.00000000 2.7755576e-15
vn 0.86602540 0.0000000e+0 0.50000000
vn 0.50000000 0.0000000e+0 -0.86602540
vn 0.86602540 0.0000000e+0 0.50000000
vn 0.0000000e+0 -1.00000000 0.0000000e+0
vn -0.86602540 4.9134660e-17 -0.50000000
vn 0.86602540 0.0000000e+0 0.50000000
vn 0.0000000e+0 -1.00000000 0.0000000e+0
vn 0.0000000e+0 -1.00000000 0.0000000e+0
vn -0.92387953 0.0000000e+0 -0.38268343
vn 0.0000000e+0 -1.00000000 0.0000000e+0
vn 0.38268343 0.0000000e+0 -0.92387953
vn -0.92387953 0.0000000e+0 -0.38268343
vn -0.92387953 0.0000000e+0 -0.38268343
vn 0.38268343 0.0000000e+0 -0.92387953
vn -0.92387953 0.0000000e+0 -0.38268343
vn 0.0000000e+0 -1.00000000 0.0000000e+0
vn 0.92387953 0.0000000e+0 0.38268343
vn 0.0000000e+0 -1.00000000 0.0000000e+0
vn 0.38268343 0.0000000e+0 -0.92387953
vn 0.92387953 0.0000000e+0 0.38268343
vn 0.92387953 0.0000000e+0 0.38268343
vn 0.38268343 0.0000000e+0 -0.92387953
vn 0.92387953 0.0000000e+0 0.38268343
vn -0.25881905 0.0000000e+0 -0.96592583
vn 0.0000000e+0 -1.00000000 -5.2082740e-15
vn 0.96592583 -1.5354581e-17 -0.25881905
vn 0.0000000e+0 -1.00000000 -5.2082740e-15
vn 0.96592583 -1.5354581e-17 -0.25881905
vn -0.25881905 0.0000000e+0 -0.96592583
vn 0.96592583 0.0000000e+0 -0.25881905
vn -0.25881905 0.0000000e+0 -0.96592583
vn 0.0000000e+0 -1.00000000 2.6041370e-15
vn -0.96592583 0.0000000e+0 0.25881905
vn 0.0000000e+0 -1.00000000 2.6041370e-15
vn -0.96592583 0.0000000e+0 0.25881905
vn -0.25881905 0.0000000e+0 -0.96592583
vn -0.96592583 0.0000000e+0 0.25881905
vn 0.0000000e+0 -1.00000000 -1.0416548e-14
vn 0.96592583 -3.0709163e-17 -0.25881905
vn -0.96592583 0.0000000e+0 0.25881905
vn 0.0000000e+0 -1.00000000 5.2082740e-15
vn -0.70710678 0.0000000e+0 -0.70710678
vn 0.0000000e+0 -1.00000000 5.3796945e-15
vn 0.70710678 4.2992828e-17 -0.70710678
vn 0.0000000e+0 -1.00000000 5.3796945e-15
vn 0.70710678 4.2992828e-17 -0.70710678
vn -0.70710678 0.0000000e+0 -0.70710678
vn 0.70710678 0.0000000e+0 -0.70710678
vn -0.70710678 0.0000000e+0 -0.70710678
vn 0.0000000e+0 -1.00000000 -2.4327164e-15
vn -0.70710678 0.0000000e+0 0.70710678
vn 0.0000000e+0 -1.00000000 -2.4327164e-15
vn -0.70710678 0.0000000e+0 0.70710678
