# Exported from Wings 3D 1.5.4
mtllib blue_streak_fuel_tank_s1p5_1.mtl
o mesh1
#320 vertices, 260 faces
v 0.93750000 0.46875000 -2.0961242e-18
v 0.90555546 0.46875000 0.24264285
v 0.81189882 0.46875000 0.46875000
v 0.66291261 0.46875000 0.66291261
v 0.46875000 0.46875000 0.81189882
v 0.24264285 0.46875000 0.90555546
v 4.8731701e-17 0.46875000 0.93750000
v -0.24264285 0.46875000 0.90555546
v -0.46875000 0.46875000 0.81189882
v -0.66291261 0.46875000 0.66291261
v -0.81189882 0.46875000 0.46875000
v -0.90555546 0.46875000 0.24264285
v -0.93750000 0.46875000 1.1271451e-16
v -0.90555546 0.46875000 -0.24264285
v -0.81189882 0.46875000 -0.46875000
v -0.66291261 0.46875000 -0.66291261
v -0.46875000 0.46875000 -0.81189882
v -0.24264285 0.46875000 -0.90555546
v -1.8088957e-16 0.46875000 -0.93750000
v 0.24264285 0.46875000 -0.90555546
v 0.46875000 0.46875000 -0.81189882
v 0.66291261 0.46875000 -0.66291261
v 0.81189882 0.46875000 -0.46875000
v 0.90555546 0.46875000 -0.24264285
v 0.93750000 -0.46875000 -2.0961242e-18
v 0.90555546 -0.46875000 0.24264285
v 0.81189882 -0.46875000 0.46875000
v 0.66291261 -0.46875000 0.66291261
v 0.46875000 -0.46875000 0.81189882
v 0.24264285 -0.46875000 0.90555546
v 4.8731701e-17 -0.46875000 0.93750000
v -0.24264285 -0.46875000 0.90555546
v -0.46875000 -0.46875000 0.81189882
v -0.66291261 -0.46875000 0.66291261
v -0.81189882 -0.46875000 0.46875000
v -0.90555546 -0.46875000 0.24264285
v -0.93750000 -0.46875000 1.1271451e-16
v -0.90555546 -0.46875000 -0.24264285
v -0.81189882 -0.46875000 -0.46875000
v -0.66291261 -0.46875000 -0.66291261
v -0.46875000 -0.46875000 -0.81189882
v -0.24264285 -0.46875000 -0.90555546
v -1.8088957e-16 -0.46875000 -0.93750000
v 0.24264285 -0.46875000 -0.90555546
v 0.46875000 -0.46875000 -0.81189882
v 0.66291261 -0.46875000 -0.66291261
v 0.81189882 -0.46875000 -0.46875000
v 0.90555546 -0.46875000 -0.24264285
v -0.93293885 -0.41875000 -0.23703926
v -0.93293885 0.41875000 -0.23703926
v -0.92646837 -0.41875000 -0.26118740
v -0.92646837 0.41875000 -0.26118740
v -0.90720112 0.41875000 -0.23014285
v -0.90720112 -0.41875000 -0.23014285
v -0.90555546 -0.41875000 -0.24264285
v -0.90555546 0.41875000 -0.24264285
v -0.90073064 -0.41875000 -0.25429100
v -0.90073064 0.41875000 -0.25429100
v 0.92646837 -0.41875000 0.26118740
v 0.92646837 0.41875000 0.26118740
v 0.93293885 -0.41875000 0.23703926
v 0.93293885 0.41875000 0.23703926
v 0.90073064 0.41875000 0.25429100
v 0.90073064 -0.41875000 0.25429100
v 0.90555546 -0.41875000 0.24264285
v 0.90555546 0.41875000 0.24264285
v 0.90720112 -0.41875000 0.23014285
v 0.90720112 0.41875000 0.23014285
v -0.23703926 -0.41875000 0.93293885
v -0.23703926 0.41875000 0.93293885
v -0.26118740 -0.41875000 0.92646837
v -0.26118740 0.41875000 0.92646837
v -0.23014285 0.41875000 0.90720112
v -0.23014285 -0.41875000 0.90720112
v -0.24264285 -0.41875000 0.90555546
v -0.24264285 0.41875000 0.90555546
v -0.25429100 -0.41875000 0.90073064
v -0.25429100 0.41875000 0.90073064
v 0.26118740 -0.41875000 -0.92646837
v 0.26118740 0.41875000 -0.92646837
v 0.23703926 -0.41875000 -0.93293885
v 0.23703926 0.41875000 -0.93293885
v 0.25429100 0.41875000 -0.90073064
v 0.25429100 -0.41875000 -0.90073064
v 0.24264285 -0.41875000 -0.90555546
v 0.24264285 0.41875000 -0.90555546
v 0.23014285 -0.41875000 -0.90720112
v 0.23014285 0.41875000 -0.90720112
v -0.83979945 -0.41875000 -0.47042468
v -0.83979945 0.41875000 -0.47042468
v -0.82729945 -0.41875000 -0.49207532
v -0.82729945 0.41875000 -0.49207532
v -0.81672364 0.41875000 -0.45710185
v -0.81672364 -0.41875000 -0.45710185
v -0.81189882 -0.41875000 -0.46875000
v -0.81189882 0.41875000 -0.46875000
v -0.80422364 -0.41875000 -0.47875249
v -0.80422364 0.41875000 -0.47875249
v 0.82729945 -0.41875000 0.49207532
v 0.82729945 0.41875000 0.49207532
v 0.83979945 -0.41875000 0.47042468
v 0.83979945 0.41875000 0.47042468
v 0.80422364 0.41875000 0.47875249
v 0.80422364 -0.41875000 0.47875249
v 0.81189882 -0.41875000 0.46875000
v 0.81189882 0.41875000 0.46875000
v 0.81672364 -0.41875000 0.45710185
v 0.81672364 0.41875000 0.45710185
v -0.47042468 -0.41875000 0.83979945
v -0.47042468 0.41875000 0.83979945
v -0.49207532 -0.41875000 0.82729945
v -0.49207532 0.41875000 0.82729945
v -0.45710185 0.41875000 0.81672364
v -0.45710185 -0.41875000 0.81672364
v -0.46875000 -0.41875000 0.81189882
v -0.46875000 0.41875000 0.81189882
v -0.47875249 -0.41875000 0.80422364
v -0.47875249 0.41875000 0.80422364
v 0.49207532 -0.41875000 -0.82729945
v 0.49207532 0.41875000 -0.82729945
v 0.47042468 -0.41875000 -0.83979945
v 0.47042468 0.41875000 -0.83979945
v 0.47875249 0.41875000 -0.80422364
v 0.47875249 -0.41875000 -0.80422364
v 0.46875000 -0.41875000 -0.81189882
v 0.46875000 0.41875000 -0.81189882
v 0.45710185 -0.41875000 -0.81672364
v 0.45710185 0.41875000 -0.81672364
v -0.68942911 -0.41875000 -0.67175144
v -0.68942911 0.41875000 -0.67175144
v -0.67175144 -0.41875000 -0.68942911
v -0.67175144 0.41875000 -0.68942911
v -0.67058779 0.41875000 -0.65291012
v -0.67058779 -0.41875000 -0.65291012
v -0.66291261 -0.41875000 -0.66291261
v -0.66291261 0.41875000 -0.66291261
v -0.65291012 -0.41875000 -0.67058779
v -0.65291012 0.41875000 -0.67058779
v 0.67175144 -0.41875000 0.68942911
v 0.67175144 0.41875000 0.68942911
v 0.68942911 -0.41875000 0.67175144
v 0.68942911 0.41875000 0.67175144
v 0.65291012 0.41875000 0.67058779
v 0.65291012 -0.41875000 0.67058779
v 0.66291261 -0.41875000 0.66291261
v 0.66291261 0.41875000 0.66291261
v 0.67058779 -0.41875000 0.65291012
v 0.67058779 0.41875000 0.65291012
v -0.67175144 -0.41875000 0.68942911
v -0.67175144 0.41875000 0.68942911
v -0.68942911 -0.41875000 0.67175144
v -0.68942911 0.41875000 0.67175144
v -0.65291012 0.41875000 0.67058779
v -0.65291012 -0.41875000 0.67058779
v -0.66291261 -0.41875000 0.66291261
v -0.66291261 0.41875000 0.66291261
v -0.67058779 -0.41875000 0.65291012
v -0.67058779 0.41875000 0.65291012
v 0.68942911 -0.41875000 -0.67175144
v 0.68942911 0.41875000 -0.67175144
v 0.67175144 -0.41875000 -0.68942911
v 0.67175144 0.41875000 -0.68942911
v 0.67058779 0.41875000 -0.65291012
v 0.67058779 -0.41875000 -0.65291012
v 0.66291261 -0.41875000 -0.66291261
v 0.66291261 0.41875000 -0.66291261
v 0.65291012 -0.41875000 -0.67058779
v 0.65291012 0.41875000 -0.67058779
v -0.49207532 -0.41875000 -0.82729945
v -0.49207532 0.41875000 -0.82729945
v -0.47042468 -0.41875000 -0.83979945
v -0.47042468 0.41875000 -0.83979945
v -0.47875249 0.41875000 -0.80422364
v -0.47875249 -0.41875000 -0.80422364
v -0.46875000 -0.41875000 -0.81189882
v -0.46875000 0.41875000 -0.81189882
v -0.45710185 -0.41875000 -0.81672364
v -0.45710185 0.41875000 -0.81672364
v 0.47042468 -0.41875000 0.83979945
v 0.47042468 0.41875000 0.83979945
v 0.49207532 -0.41875000 0.82729945
v 0.49207532 0.41875000 0.82729945
v 0.45710185 0.41875000 0.81672364
v 0.45710185 -0.41875000 0.81672364
v 0.46875000 -0.41875000 0.81189882
v 0.46875000 0.41875000 0.81189882
v 0.47875249 -0.41875000 0.80422364
v 0.47875249 0.41875000 0.80422364
v -0.82729945 -0.41875000 0.49207532
v -0.82729945 0.41875000 0.49207532
v -0.83979945 -0.41875000 0.47042468
v -0.83979945 0.41875000 0.47042468
v -0.80422364 0.41875000 0.47875249
v -0.80422364 -0.41875000 0.47875249
v -0.81189882 -0.41875000 0.46875000
v -0.81189882 0.41875000 0.46875000
v -0.81672364 -0.41875000 0.45710185
v -0.81672364 0.41875000 0.45710185
v 0.83979945 -0.41875000 -0.47042468
v 0.83979945 0.41875000 -0.47042468
v 0.82729945 -0.41875000 -0.49207532
v 0.82729945 0.41875000 -0.49207532
v 0.81672364 0.41875000 -0.45710185
v 0.81672364 -0.41875000 -0.45710185
v 0.81189882 -0.41875000 -0.46875000
v 0.81189882 0.41875000 -0.46875000
v 0.80422364 -0.41875000 -0.47875249
v 0.80422364 0.41875000 -0.47875249
v -0.26118740 -0.41875000 -0.92646837
v -0.26118740 0.41875000 -0.92646837
v -0.23703926 -0.41875000 -0.93293885
v -0.23703926 0.41875000 -0.93293885
v -0.25429100 0.41875000 -0.90073064
v -0.25429100 -0.41875000 -0.90073064
v -0.24264285 -0.41875000 -0.90555546
v -0.24264285 0.41875000 -0.90555546
v -0.23014285 -0.41875000 -0.90720112
v -0.23014285 0.41875000 -0.90720112
v 0.23703926 -0.41875000 0.93293885
v 0.23703926 0.41875000 0.93293885
v 0.26118740 -0.41875000 0.92646837
v 0.26118740 0.41875000 0.92646837
v 0.23014285 0.41875000 0.90720112
v 0.23014285 -0.41875000 0.90720112
v 0.24264285 -0.41875000 0.90555546
v 0.24264285 0.41875000 0.90555546
v 0.25429100 -0.41875000 0.90073064
v 0.25429100 0.41875000 0.90073064
v -0.92646837 -0.41875000 0.26118740
v -0.92646837 0.41875000 0.26118740
v -0.93293885 -0.41875000 0.23703926
v -0.93293885 0.41875000 0.23703926
v -0.90073064 0.41875000 0.25429100
v -0.90073064 -0.41875000 0.25429100
v -0.90555546 -0.41875000 0.24264285
v -0.90555546 0.41875000 0.24264285
v -0.90720112 -0.41875000 0.23014285
v -0.90720112 0.41875000 0.23014285
v 0.93293885 -0.41875000 -0.23703926
v 0.93293885 0.41875000 -0.23703926
v 0.92646837 -0.41875000 -0.26118740
v 0.92646837 0.41875000 -0.26118740
v 0.90720112 0.41875000 -0.23014285
v 0.90720112 -0.41875000 -0.23014285
v 0.90555546 -0.41875000 -0.24264285
v 0.90555546 0.41875000 -0.24264285
v 0.90073064 -0.41875000 -0.25429100
v 0.90073064 0.41875000 -0.25429100
v -1.2500000e-2 -0.41875000 -0.96250000
v -1.2500000e-2 0.41875000 -0.96250000
v 1.2500000e-2 -0.41875000 -0.96250000
v 1.2500000e-2 0.41875000 -0.96250000
v -1.2500000e-2 0.41875000 -0.93585434
v -1.2500000e-2 -0.41875000 -0.93585434
v -2.0469737e-16 -0.41875000 -0.93750000
v -1.7694179e-16 0.41875000 -0.93750000
v 1.2500000e-2 -0.41875000 -0.93585434
v 1.2500000e-2 0.41875000 -0.93585434
v -1.2500000e-2 -0.41875000 0.96250000
v -1.2500000e-2 0.41875000 0.96250000
v 1.2500000e-2 -0.41875000 0.96250000
v 1.2500000e-2 0.41875000 0.96250000
v -1.2500000e-2 0.41875000 0.93585434
v -1.2500000e-2 -0.41875000 0.93585434
v -2.0469737e-16 -0.41875000 0.93750000
v -1.7694179e-16 0.41875000 0.93750000
v 1.2500000e-2 -0.41875000 0.93585434
v 1.2500000e-2 0.41875000 0.93585434
v -0.96250000 -0.41875000 1.2500000e-2
v -0.96250000 0.41875000 1.2500000e-2
v -0.96250000 -0.41875000 -1.2500000e-2
v -0.96250000 0.41875000 -1.2500000e-2
v -0.93585434 0.41875000 1.2500000e-2
v -0.93585434 -0.41875000 1.2500000e-2
v -0.93750000 -0.41875000 6.8188661e-17
v -0.93750000 0.41875000 4.0433085e-17
v -0.93585434 -0.41875000 -1.2500000e-2
v -0.93585434 0.41875000 -1.2500000e-2
v 0.96250000 -0.41875000 1.2500000e-2
v 0.96250000 0.41875000 1.2500000e-2
v 0.96250000 -0.41875000 -1.2500000e-2
v 0.96250000 0.41875000 -1.2500000e-2
v 0.93585434 0.41875000 1.2500000e-2
v 0.93585434 -0.41875000 1.2500000e-2
v 0.93750000 -0.41875000 1.8299930e-16
v 0.93750000 0.41875000 1.5524372e-16
v 0.93585434 -0.41875000 -1.2500000e-2
v 0.93585434 0.41875000 -1.2500000e-2
v -0.39034191 0.24375000 -0.84437651
v -0.32105094 0.24375000 -0.87307777
v -0.39034191 0.39375000 -0.84437651
v -0.32105094 0.39375000 -0.87307777
v -0.39990900 0.24375000 -0.86747350
v -0.33061803 0.24375000 -0.89617476
v -0.39990900 0.39375000 -0.86747350
v -0.33061803 0.39375000 -0.89617476
v 0.39034191 0.24375000 0.84437651
v 0.32105094 0.24375000 0.87307777
v 0.39034191 0.39375000 0.84437651
v 0.32105094 0.39375000 0.87307777
v 0.39990900 0.24375000 0.86747350
v 0.33061803 0.24375000 0.89617476
v 0.39990900 0.39375000 0.86747350
v 0.33061803 0.39375000 0.89617476
v 0.84437651 0.24375000 -0.39034191
v 0.87307777 0.24375000 -0.32105094
v 0.84437651 0.39375000 -0.39034191
v 0.87307777 0.39375000 -0.32105094
v 0.86747350 0.24375000 -0.39990900
v 0.89617476 0.24375000 -0.33061803
v 0.86747350 0.39375000 -0.39990900
v 0.89617476 0.39375000 -0.33061803
v -0.84437651 0.24375000 0.39034191
v -0.87307777 0.24375000 0.32105094
v -0.84437651 0.39375000 0.39034191
v -0.87307777 0.39375000 0.32105094
v -0.86747350 0.24375000 0.39990900
v -0.89617476 0.24375000 0.33061803
v -0.86747350 0.39375000 0.39990900
v -0.89617476 0.39375000 0.33061803
vt 0.61137321 2.8034890e-2
vt 0.61137321 0.19262273
vt 0.61660969 2.2798412e-2
vt 0.61660969 0.19785921
vt 0.61660969 2.8034890e-2
vt 0.61660969 0.19262273
vt 0.61906622 2.3121820e-2
vt 0.61906622 0.19753580
vt 0.62152276 2.2798412e-2
vt 0.62152276 2.8034890e-2
vt 0.62152276 0.19785921
vt 0.62152276 0.19262273
vt 0.62675924 2.8034890e-2
vt 0.62675924 0.19262273
vt 0.64608956 0.19427408
vt 0.64608956 0.19427408
vt 0.64608956 0.19427408
vt 0.64608956 0.22271740
vt 0.64608956 0.22271740
vt 0.64608956 0.22271740
vt 0.65083012 0.18953353
vt 0.65083012 0.18953353
vt 0.65083012 0.18953353
vt 0.65083012 0.19427408
vt 0.65083012 0.19427408
vt 0.65083012 0.19427408
vt 0.65083012 0.22271740
vt 0.65083012 0.22271740
vt 0.65083012 0.22271740
vt 0.65083012 0.22745795
vt 0.65083012 0.22745795
vt 0.66505178 0.18953353
vt 0.66505178 0.18953353
vt 0.66505178 0.18953353
vt 0.66505178 0.19427408
vt 0.66505178 0.19427408
vt 0.66505178 0.19427408
vt 0.66505178 0.22271740
vt 0.66505178 0.22271740
vt 0.66505178 0.22271740
vt 0.66505178 0.22745795
vt 0.66505178 0.22745795
vt 0.66979233 0.19427408
vt 0.66979233 0.19427408
vt 0.66979233 0.19427408
vt 0.66979233 0.22271740
vt 0.66979233 0.22271740
vt 0.66979233 0.22271740
vt 0.68875070 1.9015614e-2
vt 0.68875070 0.20162619
vt 0.68875070 1.9015614e-2
vt 0.68875070 0.20162619
vt 0.68878411 0.20162619
vt 0.68878411 1.9015614e-2
vt 0.68878411 1.9015614e-2
vt 0.68878411 0.20162619
vt 0.73656853 1.9015614e-2
vt 0.73656853 0.20162619
vt 0.73656853 1.9015614e-2
vt 0.73656853 0.20162619
vt 0.73660194 0.20162619
vt 0.73660194 1.9015614e-2
vt 0.73660194 1.9015614e-2
vt 0.73660194 0.20162619
vt 0.78438636 1.9015614e-2
vt 0.78438636 0.20162619
vt 0.78438636 1.9015614e-2
vt 0.78438636 0.20162619
vt 0.78441977 0.20162619
vt 0.78441977 1.9015614e-2
vt 0.78441977 1.9015614e-2
vt 0.78441977 0.20162619
vt 0.83220420 1.9015614e-2
vt 0.83220420 0.20162619
vt 0.83220420 1.9015614e-2
vt 0.83220420 0.20162619
vt 0.83223761 1.9015614e-2
vt 0.83223761 0.20162619
vt 0.83223761 1.9015614e-2
vt 0.83223761 0.20162619
vt 0.88002203 1.9015614e-2
vt 0.88002203 0.20162619
vt 0.88002203 0.20162619
vt 0.88002203 1.9015614e-2
vt 0.88005544 0.20162619
vt 0.88005544 1.9015614e-2
vt 0.88005544 1.9015614e-2
vt 0.88005544 0.20162619
vt 0.92783986 1.9015614e-2
vt 0.92783986 0.20162619
vt 0.92783986 0.20162619
vt 0.92783986 1.9015614e-2
vt 0.92787327 1.9015614e-2
vt 0.92787327 0.20162619
vt 0.92787327 1.9015614e-2
vt 0.92787327 0.20162619
vt 0.97565769 1.9015614e-2
vt 0.97565769 1.9015614e-2
vt 0.97565769 0.20162619
vt 0.97565769 0.20162619
vt 0.97569110 1.9015614e-2
vt 0.97569110 1.9015614e-2
vt 0.97569110 0.20162619
vt 0.97569110 0.20162619
vn 1.00000000 0.0000000e+0 -2.5195570e-16
vn 0.96592583 0.0000000e+0 0.25881905
vn 0.86602540 0.0000000e+0 0.50000000
vn 0.70710678 0.0000000e+0 0.70710678
vn 0.50000000 0.0000000e+0 0.86602540
vn 0.25881905 0.0000000e+0 0.96592583
vn 1.5397293e-16 0.0000000e+0 1.00000000
vn -0.25881905 0.0000000e+0 0.96592583
vn -0.50000000 0.0000000e+0 0.86602540
vn -0.70710678 0.0000000e+0 0.70710678
vn -0.86602540 0.0000000e+0 0.50000000
vn -0.96592583 0.0000000e+0 0.25881905
vn -1.00000000 0.0000000e+0 3.4993847e-16
vn -0.96592583 0.0000000e+0 -0.25881905
vn -0.86602540 0.0000000e+0 -0.50000000
vn -0.70710678 0.0000000e+0 -0.70710678
vn -0.50000000 0.0000000e+0 -0.86602540
vn -0.25881905 0.0000000e+0 -0.96592583
vn -4.7591632e-16 0.0000000e+0 -1.00000000
vn 0.25881905 0.0000000e+0 -0.96592583
vn 0.50000000 0.0000000e+0 -0.86602540
vn 0.70710678 0.0000000e+0 -0.70710678
vn 0.86602540 0.0000000e+0 -0.50000000
vn 0.96592583 0.0000000e+0 -0.25881905
vn 1.00000000 0.0000000e+0 -2.5195570e-16
vn 0.96592583 0.0000000e+0 0.25881905
vn 0.86602540 0.0000000e+0 0.50000000
vn 0.70710678 0.0000000e+0 0.70710678
vn 0.50000000 0.0000000e+0 0.86602540
vn 0.25881905 0.0000000e+0 0.96592583
vn 1.5397293e-16 0.0000000e+0 1.00000000
vn -0.25881905 0.0000000e+0 0.96592583
vn -0.50000000 0.0000000e+0 0.86602540
vn -0.70710678 0.0000000e+0 0.70710678
vn -0.86602540 0.0000000e+0 0.50000000
vn -0.96592583 0.0000000e+0 0.25881905
vn -1.00000000 0.0000000e+0 3.4993847e-16
vn -0.96592583 0.0000000e+0 -0.25881905
vn -0.86602540 0.0000000e+0 -0.50000000
vn -0.70710678 0.0000000e+0 -0.70710678
vn -0.50000000 0.0000000e+0 -0.86602540
vn -0.25881905 0.0000000e+0 -0.96592583
vn -4.7591632e-16 0.0000000e+0 -1.00000000
vn 0.25881905 0.0000000e+0 -0.96592583
vn 0.50000000 0.0000000e+0 -0.86602540
vn 0.70710678 0.0000000e+0 -0.70710678
vn 0.86602540 0.0000000e+0 -0.50000000
vn 0.96592583 0.0000000e+0 -0.25881905
vn 0.0000000e+0 -1.00000000 -3.3864724e-15
vn 0.0000000e+0 1.00000000 1.0564870e-15
vn 0.0000000e+0 -1.00000000 1.8844132e-16
vn 0.0000000e+0 1.00000000 1.5190799e-15
vn 0.0000000e+0 -1.00000000 0.0000000e+0
vn 0.0000000e+0 1.00000000 0.0000000e+0
vn 0.0000000e+0 -1.00000000 0.0000000e+0
vn 0.0000000e+0 1.00000000 3.5864630e-15
vn 0.0000000e+0 -1.00000000 2.6041370e-15
vn 0.0000000e+0 1.00000000 -3.4721827e-15
vn 0.0000000e+0 -1.00000000 1.7360913e-15
vn 0.0000000e+0 1.00000000 -1.7932315e-15
vn 0.0000000e+0 -1.00000000 0.0000000e+0
vn 0.0000000e+0 1.00000000 -1.7360913e-15
vn 0.0000000e+0 -1.00000000 -1.7360913e-15
vn 0.0000000e+0 1.00000000 0.0000000e+0
vn 0.0000000e+0 -1.00000000 1.7932315e-15
vn 0.0000000e+0 1.00000000 -3.4150425e-15
vn 0.0000000e+0 -1.00000000 3.4150425e-15
vn 0.0000000e+0 1.00000000 -2.6041370e-15
vn 0.0000000e+0 -1.00000000 3.4150425e-15
vn 0.0000000e+0 1.00000000 -9.2518585e-16
vn 0.0000000e+0 -1.00000000 8.6804566e-16
vn 0.0000000e+0 1.00000000 -8.6804566e-16
vn 0.0000000e+0 -1.00000000 3.4721827e-15
vn 0.0000000e+0 1.00000000 -1.8503717e-15
vn 0.0000000e+0 -1.00000000 1.7360913e-15
vn 0.0000000e+0 1.00000000 -1.7360913e-15
vn 0.0000000e+0 -1.00000000 2.6041370e-15
vn 0.0000000e+0 1.00000000 -9.2518585e-16
vn 0.0000000e+0 -1.00000000 2.6612772e-15
vn 0.0000000e+0 1.00000000 -1.7932315e-15
vn 0.0000000e+0 -1.00000000 -1.7360913e-15
vn 0.0000000e+0 1.00000000 0.0000000e+0
vn 0.0000000e+0 -1.00000000 -1.7360913e-15
vn 0.0000000e+0 1.00000000 1.7360913e-15
vn 0.0000000e+0 -1.00000000 -1.7075212e-15
vn 0.0000000e+0 1.00000000 1.5190799e-15
vn 0.0000000e+0 -1.00000000 -1.3306386e-15
vn 0.0000000e+0 1.00000000 1.4905098e-15
vn 0.0000000e+0 -1.00000000 -1.7360913e-15
vn 0.0000000e+0 1.00000000 1.7360913e-15
vn 0.0000000e+0 -1.00000000 1.7360913e-15
vn 0.0000000e+0 1.00000000 -1.7360913e-15
vn 0.0000000e+0 -1.00000000 1.9531027e-15
vn 0.0000000e+0 1.00000000 -1.9531027e-15
vn 0.0000000e+0 -1.00000000 1.9531027e-15
vn 0.0000000e+0 1.00000000 -1.9531027e-15
vn -0.96592583 -1.0874386e-16 -0.25881905
vn 0.0000000e+0 -1.00000000 -1.1735031e-15
vn -0.25881905 1.9895412e-15 0.96592583
vn 0.0000000e+0 -1.00000000 -1.1735031e-15
vn -0.96592583 -1.0874386e-16 -0.25881905
vn 0.0000000e+0 1.00000000 2.8266198e-16
vn 0.0000000e+0 1.00000000 2.8266198e-16
vn -0.25881905 1.9895412e-15 0.96592583
vn -0.96592583 -1.0874386e-16 -0.25881905
vn 0.0000000e+0 -1.00000000 -1.8245373e-15
vn 0.25881905 -1.9937924e-15 -0.96592583
vn 0.0000000e+0 -1.00000000 -1.8245373e-15
vn -0.96592583 -1.0874386e-16 -0.25881905
vn 0.0000000e+0 1.00000000 6.0817911e-16
vn 0.25881905 -1.9937924e-15 -0.96592583
vn 0.0000000e+0 1.00000000 6.0817911e-16
vn 0.0000000e+0 1.00000000 1.9531027e-15
vn -0.25881905 1.9895412e-15 0.96592583
vn -0.25881905 1.9895412e-15 0.96592583
vn 0.0000000e+0 -1.00000000 -6.5103425e-15
vn 0.0000000e+0 -1.00000000 -7.8124110e-15
vn 0.25881905 -1.9937924e-15 -0.96592583
vn 0.25881905 -1.9937924e-15 -0.96592583
vn 0.0000000e+0 1.00000000 2.6041370e-15
vn 0.96592583 8.3499749e-17 0.25881905
vn 0.0000000e+0 -1.00000000 -1.9959579e-15
vn -0.25881905 1.9962216e-15 0.96592583
vn 0.0000000e+0 -1.00000000 -1.9959579e-15
vn 0.96592583 8.3499749e-17 0.25881905
vn 0.0000000e+0 1.00000000 1.3020685e-15
vn 0.0000000e+0 1.00000000 1.3020685e-15
vn -0.25881905 1.9962216e-15 0.96592583
vn 0.96592583 8.3499749e-17 0.25881905
vn 0.0000000e+0 -1.00000000 1.5847305e-15
vn 0.25881905 -2.1346879e-15 -0.96592583
vn 0.0000000e+0 -1.00000000 1.5847305e-15
vn 0.96592583 8.3499749e-17 0.25881905
vn 0.0000000e+0 1.00000000 9.7655137e-16
vn 0.25881905 -2.1346879e-15 -0.96592583
vn 0.0000000e+0 1.00000000 9.7655137e-16
vn 0.0000000e+0 1.00000000 2.6041370e-15
vn -0.25881905 1.9962216e-15 0.96592583
vn -0.25881905 1.9962216e-15 0.96592583
vn 0.0000000e+0 -1.00000000 -2.6041370e-15
vn 0.0000000e+0 -1.00000000 4.5572397e-15
vn 0.25881905 -2.1346879e-15 -0.96592583
vn 0.25881905 -2.1346879e-15 -0.96592583
vn 0.0000000e+0 1.00000000 1.9531027e-15
vn -0.25881905 -1.2622055e-16 0.96592583
vn 0.0000000e+0 -1.00000000 0.0000000e+0
vn 0.96592583 2.0205139e-15 0.25881905
vn 0.0000000e+0 -1.00000000 0.0000000e+0
vn -0.25881905 -1.2622055e-16 0.96592583
vn 0.0000000e+0 1.00000000 0.0000000e+0
vn 0.0000000e+0 1.00000000 0.0000000e+0
vn 0.96592583 2.0205139e-15 0.25881905
vn -0.25881905 -1.2622055e-16 0.96592583
vn 0.0000000e+0 -1.00000000 0.0000000e+0
vn -0.96592583 -1.9640343e-15 -0.25881905
vn 0.0000000e+0 -1.00000000 0.0000000e+0
vn -0.25881905 -1.2622055e-16 0.96592583
vn 0.0000000e+0 1.00000000 0.0000000e+0
vn -0.96592583 -1.9640343e-15 -0.25881905
vn 0.0000000e+0 1.00000000 0.0000000e+0
vn 0.0000000e+0 1.00000000 0.0000000e+0
vn 0.96592583 2.0205139e-15 0.25881905
vn 0.96592583 2.0205139e-15 0.25881905
vn 0.0000000e+0 -1.00000000 0.0000000e+0
vn 0.0000000e+0 -1.00000000 0.0000000e+0
vn -0.96592583 -1.9640343e-15 -0.25881905
vn -0.96592583 -1.9640343e-15 -0.25881905
vn 0.0000000e+0 1.00000000 0.0000000e+0
vn 0.25881905 -1.4240267e-16 -0.96592583
vn 0.0000000e+0 -1.00000000 0.0000000e+0
vn 0.96592583 1.9020889e-15 0.25881905
vn 0.0000000e+0 -1.00000000 0.0000000e+0
vn 0.25881905 -1.4240267e-16 -0.96592583
vn 0.0000000e+0 1.00000000 2.7755576e-15
vn 0.0000000e+0 1.00000000 2.7755576e-15
vn 0.96592583 1.9020889e-15 0.25881905
vn 0.25881905 -1.4240267e-16 -0.96592583
vn 0.0000000e+0 -1.00000000 0.0000000e+0
vn -0.96592583 -2.0721351e-15 -0.25881905
vn 0.0000000e+0 -1.00000000 0.0000000e+0
vn 0.25881905 -1.4240267e-16 -0.96592583
vn 0.0000000e+0 1.00000000 5.3796946e-15
vn -0.96592583 -2.0721351e-15 -0.25881905
vn 0.0000000e+0 1.00000000 5.3796946e-15
vn 0.0000000e+0 1.00000000 0.0000000e+0
vn 0.96592583 1.9020889e-15 0.25881905
vn 0.96592583 1.9020889e-15 0.25881905
vn 0.0000000e+0 -1.00000000 0.0000000e+0
vn 0.0000000e+0 -1.00000000 0.0000000e+0
vn -0.96592583 -2.0721351e-15 -0.25881905
vn -0.96592583 -2.0721351e-15 -0.25881905
vn 0.0000000e+0 1.00000000 5.2082740e-15
vn -0.86602540 0.0000000e+0 -0.50000000
vn 0.0000000e+0 -1.00000000 2.6041370e-15
vn -0.50000000 2.0053312e-15 0.86602540
vn 0.0000000e+0 -1.00000000 2.6041370e-15
vn -0.86602540 0.0000000e+0 -0.50000000
vn 0.0000000e+0 1.00000000 -2.6041370e-15
vn 0.0000000e+0 1.00000000 -2.6041370e-15
vn -0.50000000 2.0053312e-15 0.86602540
vn -0.86602540 0.0000000e+0 -0.50000000
vn 0.0000000e+0 -1.00000000 1.3020685e-15
vn 0.50000000 -2.0271943e-15 -0.86602540
vn 0.0000000e+0 -1.00000000 1.3020685e-15
vn -0.86602540 0.0000000e+0 -0.50000000
vn 0.0000000e+0 1.00000000 -2.6041370e-15
vn 0.50000000 -2.0271943e-15 -0.86602540
vn 0.0000000e+0 1.00000000 -2.6041370e-15
vn 0.0000000e+0 1.00000000 -5.2082740e-15
vn -0.50000000 2.0053312e-15 0.86602540
vn -0.50000000 2.0053312e-15 0.86602540
vn 0.0000000e+0 -1.00000000 5.2082740e-15
vn 0.0000000e+0 -1.00000000 2.6041370e-15
vn 0.50000000 -2.0271943e-15 -0.86602540
vn 0.50000000 -2.0271943e-15 -0.86602540
vn 0.0000000e+0 1.00000000 -5.2082740e-15
vn 0.86602540 -2.4596825e-17 0.50000000
vn 0.0000000e+0 -1.00000000 1.3020685e-15
vn -0.50000000 1.9737512e-15 0.86602540
vn 0.0000000e+0 -1.00000000 1.3020685e-15
vn 0.86602540 -2.4596825e-17 0.50000000
vn 0.0000000e+0 1.00000000 -2.6898473e-15
vn 0.0000000e+0 1.00000000 -2.6898473e-15
vn -0.50000000 1.9737512e-15 0.86602540
vn 0.86602540 -2.4596825e-17 0.50000000
vn 0.0000000e+0 -1.00000000 1.3020685e-15
vn 0.50000000 -2.1292221e-15 -0.86602540
vn 0.0000000e+0 -1.00000000 1.3020685e-15
vn 0.86602540 -2.4596825e-17 0.50000000
vn 0.0000000e+0 1.00000000 -1.3877788e-15
vn 0.50000000 -2.1292221e-15 -0.86602540
vn 0.0000000e+0 1.00000000 -1.3877788e-15
vn 0.0000000e+0 1.00000000 -2.6041370e-15
vn -0.50000000 1.9737512e-15 0.86602540
vn -0.50000000 1.9737512e-15 0.86602540
vn 0.0000000e+0 -1.00000000 2.6041370e-15
vn 0.0000000e+0 -1.00000000 2.6041370e-15
vn 0.50000000 -2.1292221e-15 -0.86602540
vn 0.50000000 -2.1292221e-15 -0.86602540
vn 0.0000000e+0 1.00000000 0.0000000e+0
vn -0.50000000 -1.6829407e-17 0.86602540
vn 0.0000000e+0 -1.00000000 0.0000000e+0
vn 0.86602540 2.0296236e-15 0.50000000
vn 0.0000000e+0 -1.00000000 0.0000000e+0
vn -0.50000000 -1.6829407e-17 0.86602540
vn 0.0000000e+0 1.00000000 0.0000000e+0
vn 0.0000000e+0 1.00000000 0.0000000e+0
vn 0.86602540 2.0296236e-15 0.50000000
vn -0.50000000 -1.6829407e-17 0.86602540
vn 0.0000000e+0 -1.00000000 0.0000000e+0
vn -0.86602540 -1.9446004e-15 -0.50000000
vn 0.0000000e+0 -1.00000000 0.0000000e+0
vn -0.50000000 -1.6829407e-17 0.86602540
vn 0.0000000e+0 1.00000000 -2.6041370e-15
vn -0.86602540 -1.9446004e-15 -0.50000000
vn 0.0000000e+0 1.00000000 -2.6041370e-15
vn 0.0000000e+0 1.00000000 0.0000000e+0
vn 0.86602540 2.0296236e-15 0.50000000
vn 0.86602540 2.0296236e-15 0.50000000
vn 0.0000000e+0 -1.00000000 0.0000000e+0
vn 0.0000000e+0 -1.00000000 0.0000000e+0
vn -0.86602540 -1.9446004e-15 -0.50000000
vn -0.86602540 -1.9446004e-15 -0.50000000
vn 0.0000000e+0 1.00000000 -5.2082740e-15
vn 0.50000000 -1.3075155e-16 -0.86602540
vn 0.0000000e+0 -1.00000000 -2.6041370e-15
vn 0.86602540 1.8583627e-15 0.50000000
vn 0.0000000e+0 -1.00000000 -2.6041370e-15
vn 0.50000000 -1.3075155e-16 -0.86602540
vn 0.0000000e+0 1.00000000 0.0000000e+0
vn 0.0000000e+0 1.00000000 0.0000000e+0
vn 0.86602540 1.8583627e-15 0.50000000
vn 0.50000000 -1.3075155e-16 -0.86602540
vn 0.0000000e+0 -1.00000000 0.0000000e+0
vn -0.86602540 -2.0672767e-15 -0.50000000
vn 0.0000000e+0 -1.00000000 0.0000000e+0
vn 0.50000000 -1.3075155e-16 -0.86602540
vn 0.0000000e+0 1.00000000 0.0000000e+0
vn -0.86602540 -2.0672767e-15 -0.50000000
vn 0.0000000e+0 1.00000000 0.0000000e+0
vn 0.0000000e+0 1.00000000 0.0000000e+0
vn 0.86602540 1.8583627e-15 0.50000000
vn 0.86602540 1.8583627e-15 0.50000000
vn 0.0000000e+0 -1.00000000 -5.2082740e-15
vn 0.0000000e+0 -1.00000000 0.0000000e+0
vn -0.86602540 -2.0672767e-15 -0.50000000
vn -0.86602540 -2.0672767e-15 -0.50000000
vn 0.0000000e+0 1.00000000 0.0000000e+0
vn -0.70710678 4.7899081e-17 -0.70710678
vn 0.0000000e+0 -1.00000000 2.6898473e-15
vn -0.70710678 2.0624182e-15 0.70710678
vn 0.0000000e+0 -1.00000000 2.6898473e-15
vn -0.70710678 4.7899081e-17 -0.70710678
vn 0.0000000e+0 1.00000000 -2.5184267e-15
vn 0.0000000e+0 1.00000000 -2.5184267e-15
vn -0.70710678 2.0624182e-15 0.70710678
vn -0.70710678 4.7899081e-17 -0.70710678
vn 0.0000000e+0 -1.00000000 1.3877788e-15
vn 0.70710678 -2.1085736e-15 -0.70710678
vn 0.0000000e+0 -1.00000000 1.3877788e-15
vn -0.70710678 4.7899081e-17 -0.70710678
vn 0.0000000e+0 1.00000000 -1.2163582e-15
vn 0.70710678 -2.1085736e-15 -0.70710678
vn 0.0000000e+0 1.00000000 -1.2163582e-15
vn 0.0000000e+0 1.00000000 -7.8124110e-15
vn -0.70710678 2.0624182e-15 0.70710678
vn -0.70710678 2.0624182e-15 0.70710678
vn 0.0000000e+0 -1.00000000 2.6041370e-15
vn 0.0000000e+0 -1.00000000 0.0000000e+0
vn 0.70710678 -2.1085736e-15 -0.70710678
vn 0.70710678 -2.1085736e-15 -0.70710678
vn 0.0000000e+0 1.00000000 -5.2082740e-15
vn 0.70710678 -4.7899081e-17 0.70710678
vn 0.0000000e+0 -1.00000000 1.2163582e-15
vn -0.70710678 2.0150482e-15 0.70710678
vn 0.0000000e+0 -1.00000000 1.2163582e-15
vn 0.70710678 -4.7899081e-17 0.70710678
vn 0.0000000e+0 1.00000000 -2.6041370e-15
vn 0.0000000e+0 1.00000000 -2.6041370e-15
vn -0.70710678 2.0150482e-15 0.70710678
vn 0.70710678 -4.7899081e-17 0.70710678
vn 0.0000000e+0 -1.00000000 2.5184267e-15
vn 0.70710678 -2.1559436e-15 -0.70710678
vn 0.0000000e+0 -1.00000000 2.5184267e-15
vn 0.70710678 -4.7899081e-17 0.70710678
vn 0.0000000e+0 1.00000000 -1.3020685e-15
vn 0.70710678 -2.1559436e-15 -0.70710678
vn 0.0000000e+0 1.00000000 -1.3020685e-15
vn 0.0000000e+0 1.00000000 -5.2082740e-15
vn -0.70710678 2.0150482e-15 0.70710678
vn -0.70710678 2.0150482e-15 0.70710678
vn 0.0000000e+0 -1.00000000 5.2082740e-15
vn 0.0000000e+0 -1.00000000 7.8124110e-15
vn 0.70710678 -2.1559436e-15 -0.70710678
vn 0.70710678 -2.1559436e-15 -0.70710678
vn 0.0000000e+0 1.00000000 -2.6041370e-15
vn -0.70710678 0.0000000e+0 0.70710678
vn 0.0000000e+0 -1.00000000 1.2163582e-15
vn 0.70710678 2.0624182e-15 0.70710678
vn 0.0000000e+0 -1.00000000 1.2163582e-15
vn -0.70710678 0.0000000e+0 0.70710678
vn 0.0000000e+0 1.00000000 -1.3877788e-15
vn 0.0000000e+0 1.00000000 -1.3877788e-15
vn 0.70710678 2.0624182e-15 0.70710678
vn -0.70710678 0.0000000e+0 0.70710678
vn 0.0000000e+0 -1.00000000 2.5184267e-15
vn -0.70710678 -2.1097882e-15 -0.70710678
vn 0.0000000e+0 -1.00000000 2.5184267e-15
vn -0.70710678 0.0000000e+0 0.70710678
vn 0.0000000e+0 1.00000000 -1.3877788e-15
vn -0.70710678 -2.1097882e-15 -0.70710678
vn 0.0000000e+0 1.00000000 -1.3877788e-15
vn 0.0000000e+0 1.00000000 0.0000000e+0
vn 0.70710678 2.0624182e-15 0.70710678
vn 0.70710678 2.0624182e-15 0.70710678
vn 0.0000000e+0 -1.00000000 5.2082740e-15
vn 0.0000000e+0 -1.00000000 7.8124110e-15
vn -0.70710678 -2.1097882e-15 -0.70710678
vn -0.70710678 -2.1097882e-15 -0.70710678
vn 0.0000000e+0 1.00000000 0.0000000e+0
vn 0.70710678 -1.8771261e-16 -0.70710678
vn 0.0000000e+0 -1.00000000 1.3020685e-15
vn 0.70710678 1.9688928e-15 0.70710678
vn 0.0000000e+0 -1.00000000 1.3020685e-15
vn 0.70710678 -1.8771261e-16 -0.70710678
vn 0.0000000e+0 1.00000000 -1.3020685e-15
vn 0.0000000e+0 1.00000000 -1.3020685e-15
vn 0.70710678 1.9688928e-15 0.70710678
vn 0.70710678 -1.8771261e-16 -0.70710678
vn 0.0000000e+0 -1.00000000 0.0000000e+0
vn -0.70710678 -2.0624182e-15 -0.70710678
vn 0.0000000e+0 -1.00000000 0.0000000e+0
vn 0.70710678 -1.8771261e-16 -0.70710678
vn 0.0000000e+0 1.00000000 0.0000000e+0
vn -0.70710678 -2.0624182e-15 -0.70710678
vn 0.0000000e+0 1.00000000 0.0000000e+0
vn 0.0000000e+0 1.00000000 -2.6041370e-15
vn 0.70710678 1.9688928e-15 0.70710678
vn 0.70710678 1.9688928e-15 0.70710678
vn 0.0000000e+0 -1.00000000 2.6041370e-15
vn 0.0000000e+0 -1.00000000 0.0000000e+0
vn -0.70710678 -2.0624182e-15 -0.70710678
vn -0.70710678 -2.0624182e-15 -0.70710678
vn 0.0000000e+0 1.00000000 0.0000000e+0
vn -0.50000000 -7.7674185e-18 -0.86602540
vn 0.0000000e+0 -1.00000000 2.6041370e-15
vn -0.86602540 2.1462267e-15 0.50000000
vn 0.0000000e+0 -1.00000000 2.6041370e-15
vn -0.50000000 -7.7674185e-18 -0.86602540
vn 0.0000000e+0 1.00000000 -2.7755576e-15
vn 0.0000000e+0 1.00000000 -2.7755576e-15
vn -0.86602540 2.1462267e-15 0.50000000
vn -0.50000000 -7.7674185e-18 -0.86602540
vn 0.0000000e+0 -1.00000000 2.6041370e-15
vn 0.86602540 -2.1000713e-15 -0.50000000
vn 0.0000000e+0 -1.00000000 2.6041370e-15
vn -0.50000000 -7.7674185e-18 -0.86602540
vn 0.0000000e+0 1.00000000 -2.7755576e-15
vn 0.86602540 -2.1000713e-15 -0.50000000
vn 0.0000000e+0 1.00000000 -2.7755576e-15
vn 0.0000000e+0 1.00000000 0.0000000e+0
vn -0.86602540 2.1462267e-15 0.50000000
vn -0.86602540 2.1462267e-15 0.50000000
vn 0.0000000e+0 -1.00000000 5.2082740e-15
vn 0.0000000e+0 -1.00000000 5.2082740e-15
vn 0.86602540 -2.1000713e-15 -0.50000000
vn 0.86602540 -2.1000713e-15 -0.50000000
vn 0.0000000e+0 1.00000000 0.0000000e+0
vn 0.50000000 -9.0619883e-18 0.86602540
vn 0.0000000e+0 -1.00000000 0.0000000e+0
vn -0.86602540 2.1280075e-15 0.50000000
vn 0.0000000e+0 -1.00000000 0.0000000e+0
vn 0.50000000 -9.0619883e-18 0.86602540
vn 0.0000000e+0 1.00000000 -2.6041370e-15
vn 0.0000000e+0 1.00000000 -2.6041370e-15
vn -0.86602540 2.1280075e-15 0.50000000
vn 0.50000000 -9.0619883e-18 0.86602540
vn 0.0000000e+0 -1.00000000 2.6041370e-15
vn 0.86602540 -2.1474413e-15 -0.50000000
vn 0.0000000e+0 -1.00000000 2.6041370e-15
vn 0.50000000 -9.0619883e-18 0.86602540
vn 0.0000000e+0 1.00000000 0.0000000e+0
vn 0.86602540 -2.1474413e-15 -0.50000000
vn 0.0000000e+0 1.00000000 0.0000000e+0
vn 0.0000000e+0 1.00000000 -5.2082740e-15
vn -0.86602540 2.1280075e-15 0.50000000
vn -0.86602540 2.1280075e-15 0.50000000
vn 0.0000000e+0 -1.00000000 0.0000000e+0
vn 0.0000000e+0 -1.00000000 5.2082740e-15
vn 0.86602540 -2.1474413e-15 -0.50000000
vn 0.86602540 -2.1474413e-15 -0.50000000
vn 0.0000000e+0 1.00000000 0.0000000e+0
vn -0.86602540 -6.4728488e-17 0.50000000
vn 0.0000000e+0 -1.00000000 1.3020685e-15
vn 0.50000000 2.1559436e-15 0.86602540
vn 0.0000000e+0 -1.00000000 1.3020685e-15
vn -0.86602540 -6.4728488e-17 0.50000000
vn 0.0000000e+0 1.00000000 -3.9919158e-15
vn 0.0000000e+0 1.00000000 -3.9919158e-15
vn 0.50000000 2.1559436e-15 0.86602540
vn -0.86602540 -6.4728488e-17 0.50000000
vn 0.0000000e+0 -1.00000000 2.6041370e-15
vn -0.50000000 -2.0952128e-15 -0.86602540
vn 0.0000000e+0 -1.00000000 2.6041370e-15
vn -0.86602540 -6.4728488e-17 0.50000000
vn 0.0000000e+0 1.00000000 1.2163582e-15
vn -0.50000000 -2.0952128e-15 -0.86602540
vn 0.0000000e+0 1.00000000 1.2163582e-15
vn 0.0000000e+0 1.00000000 -5.2082740e-15
vn 0.50000000 2.1559436e-15 0.86602540
vn 0.50000000 2.1559436e-15 0.86602540
vn 0.0000000e+0 -1.00000000 2.6041370e-15
vn 0.0000000e+0 -1.00000000 5.2082740e-15
vn -0.50000000 -2.0952128e-15 -0.86602540
vn -0.50000000 -2.0952128e-15 -0.86602540
vn 0.0000000e+0 1.00000000 5.2082740e-15
vn 0.86602540 -6.6023058e-17 -0.50000000
vn 0.0000000e+0 -1.00000000 2.6898473e-15
vn 0.50000000 2.0660620e-15 0.86602540
vn 0.0000000e+0 -1.00000000 2.6898473e-15
vn 0.86602540 -6.6023058e-17 -0.50000000
vn 0.0000000e+0 1.00000000 -1.3877788e-15
vn 0.0000000e+0 1.00000000 -1.3877788e-15
vn 0.50000000 2.0660620e-15 0.86602540
vn 0.86602540 -6.6023058e-17 -0.50000000
vn 0.0000000e+0 -1.00000000 2.6898473e-15
vn -0.50000000 -2.1170759e-15 -0.86602540
vn 0.0000000e+0 -1.00000000 2.6898473e-15
vn 0.86602540 -6.6023058e-17 -0.50000000
vn 0.0000000e+0 1.00000000 -2.6898473e-15
vn -0.50000000 -2.1170759e-15 -0.86602540
vn 0.0000000e+0 1.00000000 -2.6898473e-15
vn 0.0000000e+0 1.00000000 0.0000000e+0
vn 0.50000000 2.0660620e-15 0.86602540
vn 0.50000000 2.0660620e-15 0.86602540
vn 0.0000000e+0 -1.00000000 2.6041370e-15
vn 0.0000000e+0 -1.00000000 2.6041370e-15
vn -0.50000000 -2.1170759e-15 -0.86602540
vn -0.50000000 -2.1170759e-15 -0.86602540
vn 0.0000000e+0 1.00000000 -2.6041370e-15
vn -0.25881905 1.9418546e-17 -0.96592583
vn 0.0000000e+0 -1.00000000 0.0000000e+0
vn -0.96592583 2.1243636e-15 0.25881905
vn 0.0000000e+0 -1.00000000 0.0000000e+0
vn -0.25881905 1.9418546e-17 -0.96592583
vn 0.0000000e+0 1.00000000 0.0000000e+0
vn 0.0000000e+0 1.00000000 0.0000000e+0
vn -0.96592583 2.1243636e-15 0.25881905
vn -0.25881905 1.9418546e-17 -0.96592583
vn 0.0000000e+0 -1.00000000 -2.6041370e-15
vn 0.96592583 -2.1201125e-15 -0.25881905
vn 0.0000000e+0 -1.00000000 -2.6041370e-15
vn -0.25881905 1.9418546e-17 -0.96592583
vn 0.0000000e+0 1.00000000 0.0000000e+0
vn 0.96592583 -2.1201125e-15 -0.25881905
vn 0.0000000e+0 1.00000000 0.0000000e+0
vn 0.0000000e+0 1.00000000 0.0000000e+0
vn -0.96592583 2.1243636e-15 0.25881905
vn -0.96592583 2.1243636e-15 0.25881905
vn 0.0000000e+0 -1.00000000 0.0000000e+0
vn 0.0000000e+0 -1.00000000 -5.2082740e-15
vn 0.96592583 -2.1201125e-15 -0.25881905
vn 0.96592583 -2.1201125e-15 -0.25881905
vn 0.0000000e+0 1.00000000 0.0000000e+0
vn 0.25881905 -2.0065831e-17 0.96592583
vn 0.0000000e+0 -1.00000000 0.0000000e+0
vn -0.96592583 2.1201125e-15 0.25881905
vn 0.0000000e+0 -1.00000000 0.0000000e+0
vn 0.25881905 -2.0065831e-17 0.96592583
vn 0.0000000e+0 1.00000000 2.6041370e-15
vn 0.0000000e+0 1.00000000 2.6041370e-15
vn -0.96592583 2.1201125e-15 0.25881905
vn 0.25881905 -2.0065831e-17 0.96592583
vn 0.0000000e+0 -1.00000000 -2.6041370e-15
vn 0.96592583 -2.1243636e-15 -0.25881905
vn 0.0000000e+0 -1.00000000 -2.6041370e-15
vn 0.25881905 -2.0065831e-17 0.96592583
vn 0.0000000e+0 1.00000000 0.0000000e+0
vn 0.96592583 -2.1243636e-15 -0.25881905
vn 0.0000000e+0 1.00000000 0.0000000e+0
vn 0.0000000e+0 1.00000000 5.2082740e-15
vn -0.96592583 2.1201125e-15 0.25881905
vn -0.96592583 2.1201125e-15 0.25881905
vn 0.0000000e+0 -1.00000000 0.0000000e+0
vn 0.0000000e+0 -1.00000000 -5.2082740e-15
vn 0.96592583 -2.1243636e-15 -0.25881905
vn 0.96592583 -2.1243636e-15 -0.25881905
vn 0.0000000e+0 1.00000000 0.0000000e+0
vn -0.96592583 -4.4662657e-17 0.25881905
vn 0.0000000e+0 -1.00000000 -6.0817911e-16
vn 0.25881905 2.1583729e-15 0.96592583
vn 0.0000000e+0 -1.00000000 -6.0817911e-16
vn -0.96592583 -4.4662657e-17 0.25881905
vn 0.0000000e+0 1.00000000 1.3020685e-15
vn 0.0000000e+0 1.00000000 1.3020685e-15
vn 0.25881905 2.1583729e-15 0.96592583
vn -0.96592583 -4.4662657e-17 0.25881905
vn 0.0000000e+0 -1.00000000 -1.2592134e-15
vn -0.25881905 -2.1201125e-15 -0.96592583
vn 0.0000000e+0 -1.00000000 -1.2592134e-15
vn -0.96592583 -4.4662657e-17 0.25881905
vn 0.0000000e+0 1.00000000 9.7655137e-16
vn -0.25881905 -2.1201125e-15 -0.96592583
vn 0.0000000e+0 1.00000000 9.7655137e-16
vn 0.0000000e+0 1.00000000 2.6041370e-15
vn 0.25881905 2.1583729e-15 0.96592583
vn 0.25881905 2.1583729e-15 0.96592583
vn 0.0000000e+0 -1.00000000 -2.6041370e-15
vn 0.0000000e+0 -1.00000000 -3.9062055e-15
vn -0.25881905 -2.1201125e-15 -0.96592583
vn -0.25881905 -2.1201125e-15 -0.96592583
vn 0.0000000e+0 1.00000000 1.9531027e-15
vn 0.96592583 -1.9418546e-17 -0.25881905
vn 0.0000000e+0 -1.00000000 -6.9388939e-16
vn 0.25881905 2.1195052e-15 0.96592583
vn 0.0000000e+0 -1.00000000 -6.9388939e-16
vn 0.96592583 -1.9418546e-17 -0.25881905
vn 0.0000000e+0 1.00000000 2.2357647e-15
vn 0.0000000e+0 1.00000000 2.2357647e-15
vn 0.25881905 2.1195052e-15 0.96592583
vn 0.96592583 -1.9418546e-17 -0.25881905
vn 0.0000000e+0 -1.00000000 -1.9959579e-15
vn -0.25881905 -2.1243636e-15 -0.96592583
vn 0.0000000e+0 -1.00000000 -1.9959579e-15
vn 0.96592583 -1.9418546e-17 -0.25881905
vn 0.0000000e+0 1.00000000 -6.9388939e-16
vn -0.25881905 -2.1243636e-15 -0.96592583
vn 0.0000000e+0 1.00000000 -6.9388939e-16
vn 0.0000000e+0 1.00000000 5.8593082e-15
vn 0.25881905 2.1195052e-15 0.96592583
vn 0.25881905 2.1195052e-15 0.96592583
vn 0.0000000e+0 -1.00000000 0.0000000e+0
vn 0.0000000e+0 -1.00000000 -2.6041370e-15
vn -0.25881905 -2.1243636e-15 -0.96592583
vn -0.25881905 -2.1243636e-15 -0.96592583
vn 0.0000000e+0 1.00000000 0.0000000e+0
vn 0.0000000e+0 0.0000000e+0 -1.00000000
vn 0.0000000e+0 -1.00000000 -2.6041370e-15
vn -1.00000000 2.1293083e-15 1.9531027e-16
vn 0.0000000e+0 -1.00000000 -2.6041370e-15
vn 0.0000000e+0 0.0000000e+0 -1.00000000
vn 0.0000000e+0 1.00000000 0.0000000e+0
vn 0.0000000e+0 1.00000000 0.0000000e+0
vn -1.00000000 2.1293083e-15 1.9531027e-16
vn 0.0000000e+0 0.0000000e+0 -1.00000000
vn 0.0000000e+0 -1.00000000 0.0000000e+0
vn 1.00000000 -2.1293083e-15 -1.9531027e-16
vn 0.0000000e+0 -1.00000000 0.0000000e+0
vn 0.0000000e+0 0.0000000e+0 -1.00000000
vn 0.0000000e+0 1.00000000 2.6041370e-15
vn 1.00000000 -2.1293083e-15 -1.9531027e-16
vn 0.0000000e+0 1.00000000 2.6041370e-15
vn 0.0000000e+0 1.00000000 0.0000000e+0
vn -1.00000000 2.1293083e-15 1.9531027e-16
vn -1.00000000 2.1293083e-15 1.9531027e-16
vn 0.0000000e+0 -1.00000000 -5.2082740e-15
vn 0.0000000e+0 -1.00000000 0.0000000e+0
vn 1.00000000 -2.1293083e-15 -1.9531027e-16
vn 1.00000000 -2.1293083e-15 -1.9531027e-16
vn 0.0000000e+0 1.00000000 5.2082740e-15
vn 0.0000000e+0 0.0000000e+0 1.00000000
vn 0.0000000e+0 -1.00000000 2.6041370e-15
vn -1.00000000 2.1293083e-15 -1.9531027e-16
vn 0.0000000e+0 -1.00000000 2.6041370e-15
vn 0.0000000e+0 0.0000000e+0 1.00000000
vn 0.0000000e+0 1.00000000 0.0000000e+0
vn 0.0000000e+0 1.00000000 0.0000000e+0
vn -1.00000000 2.1293083e-15 -1.9531027e-16
vn 0.0000000e+0 0.0000000e+0 1.00000000
vn 0.0000000e+0 -1.00000000 0.0000000e+0
vn 1.00000000 -2.1293083e-15 1.9531027e-16
vn 0.0000000e+0 -1.00000000 0.0000000e+0
vn 0.0000000e+0 0.0000000e+0 1.00000000
vn 0.0000000e+0 1.00000000 -2.6041370e-15
vn 1.00000000 -2.1293083e-15 1.9531027e-16
vn 0.0000000e+0 1.00000000 -2.6041370e-15
vn 0.0000000e+0 1.00000000 0.0000000e+0
vn -1.00000000 2.1293083e-15 -1.9531027e-16
vn -1.00000000 2.1293083e-15 -1.9531027e-16
vn 0.0000000e+0 -1.00000000 5.2082740e-15
