# Exported from Wings 3D 1.5.4
mtllib blue_streak_fuel_tank_s1p5_3.mtl
o mesh1
#408 vertices, 342 faces
v 0.93750000 1.87500000 -2.0961242e-18
v 0.90555546 1.87500000 0.24264285
v 0.81189882 1.87500000 0.46875000
v 0.66291261 1.87500000 0.66291261
v 0.46875000 1.87500000 0.81189882
v 0.24264285 1.87500000 0.90555546
v 4.8731701e-17 1.87500000 0.93750000
v -0.24264285 1.87500000 0.90555546
v -0.46875000 1.87500000 0.81189882
v -0.66291261 1.87500000 0.66291261
v -0.81189882 1.87500000 0.46875000
v -0.90555546 1.87500000 0.24264285
v -0.93750000 1.87500000 1.1271451e-16
v -0.90555546 1.87500000 -0.24264285
v -0.81189882 1.87500000 -0.46875000
v -0.66291261 1.87500000 -0.66291261
v -0.46875000 1.87500000 -0.81189882
v -0.24264285 1.87500000 -0.90555546
v -1.8088957e-16 1.87500000 -0.93750000
v 0.24264285 1.87500000 -0.90555546
v 0.46875000 1.87500000 -0.81189882
v 0.66291261 1.87500000 -0.66291261
v 0.81189882 1.87500000 -0.46875000
v 0.90555546 1.87500000 -0.24264285
v 0.93750000 -1.87500000 -2.0961242e-18
v 0.90555546 -1.87500000 0.24264285
v 0.81189882 -1.87500000 0.46875000
v 0.66291261 -1.87500000 0.66291261
v 0.46875000 -1.87500000 0.81189882
v 0.24264285 -1.87500000 0.90555546
v 4.8731701e-17 -1.87500000 0.93750000
v -0.24264285 -1.87500000 0.90555546
v -0.46875000 -1.87500000 0.81189882
v -0.66291261 -1.87500000 0.66291261
v -0.81189882 -1.87500000 0.46875000
v -0.90555546 -1.87500000 0.24264285
v -0.93750000 -1.87500000 1.1271451e-16
v -0.90555546 -1.87500000 -0.24264285
v -0.81189882 -1.87500000 -0.46875000
v -0.66291261 -1.87500000 -0.66291261
v -0.46875000 -1.87500000 -0.81189882
v -0.24264285 -1.87500000 -0.90555546
v -1.8088957e-16 -1.87500000 -0.93750000
v 0.24264285 -1.87500000 -0.90555546
v 0.46875000 -1.87500000 -0.81189882
v 0.66291261 -1.87500000 -0.66291261
v 0.81189882 -1.87500000 -0.46875000
v 0.90555546 -1.87500000 -0.24264285
v 0.90555546 -0.93750000 -0.24264285
v 0.81189882 -0.93750000 -0.46875000
v 0.66291261 -0.93750000 -0.66291261
v 0.46875000 -0.93750000 -0.81189882
v 0.24264285 -0.93750000 -0.90555546
v -1.8088957e-16 -0.93750000 -0.93750000
v -0.24264285 -0.93750000 -0.90555546
v -0.46875000 -0.93750000 -0.81189882
v -0.66291261 -0.93750000 -0.66291261
v -0.81189882 -0.93750000 -0.46875000
v -0.90555546 -0.93750000 -0.24264285
v -0.93750000 -0.93750000 1.1271451e-16
v -0.90555546 -0.93750000 0.24264285
v -0.81189882 -0.93750000 0.46875000
v -0.66291261 -0.93750000 0.66291261
v -0.46875000 -0.93750000 0.81189882
v -0.24264285 -0.93750000 0.90555546
v 4.8731701e-17 -0.93750000 0.93750000
v 0.24264285 -0.93750000 0.90555546
v 0.46875000 -0.93750000 0.81189882
v 0.66291261 -0.93750000 0.66291261
v 0.81189882 -0.93750000 0.46875000
v 0.90555546 -0.93750000 0.24264285
v 0.93750000 -0.93750000 -2.0961242e-18
v 0.90555546 0.0000000e+0 -0.24264285
v 0.81189882 0.0000000e+0 -0.46875000
v 0.66291261 0.0000000e+0 -0.66291261
v 0.46875000 0.0000000e+0 -0.81189882
v 0.24264285 0.0000000e+0 -0.90555546
v -1.8088957e-16 0.0000000e+0 -0.93750000
v -0.24264285 0.0000000e+0 -0.90555546
v -0.46875000 0.0000000e+0 -0.81189882
v -0.66291261 0.0000000e+0 -0.66291261
v -0.81189882 0.0000000e+0 -0.46875000
v -0.90555546 0.0000000e+0 -0.24264285
v -0.93750000 0.0000000e+0 1.1271451e-16
v -0.90555546 0.0000000e+0 0.24264285
v -0.81189882 0.0000000e+0 0.46875000
v -0.66291261 0.0000000e+0 0.66291261
v -0.46875000 0.0000000e+0 0.81189882
v -0.24264285 0.0000000e+0 0.90555546
v 4.8731701e-17 0.0000000e+0 0.93750000
v 0.24264285 0.0000000e+0 0.90555546
v 0.46875000 0.0000000e+0 0.81189882
v 0.66291261 0.0000000e+0 0.66291261
v 0.81189882 0.0000000e+0 0.46875000
v 0.90555546 0.0000000e+0 0.24264285
v 0.93750000 0.0000000e+0 -2.0961242e-18
v 0.90555546 0.93750000 -0.24264285
v 0.81189882 0.93750000 -0.46875000
v 0.66291261 0.93750000 -0.66291261
v 0.46875000 0.93750000 -0.81189882
v 0.24264285 0.93750000 -0.90555546
v -1.8088957e-16 0.93750000 -0.93750000
v -0.24264285 0.93750000 -0.90555546
v -0.46875000 0.93750000 -0.81189882
v -0.66291261 0.93750000 -0.66291261
v -0.81189882 0.93750000 -0.46875000
v -0.90555546 0.93750000 -0.24264285
v -0.93750000 0.93750000 1.1271451e-16
v -0.90555546 0.93750000 0.24264285
v -0.81189882 0.93750000 0.46875000
v -0.66291261 0.93750000 0.66291261
v -0.46875000 0.93750000 0.81189882
v -0.24264285 0.93750000 0.90555546
v 4.8731701e-17 0.93750000 0.93750000
v 0.24264285 0.93750000 0.90555546
v 0.46875000 0.93750000 0.81189882
v 0.66291261 0.93750000 0.66291261
v 0.81189882 0.93750000 0.46875000
v 0.90555546 0.93750000 0.24264285
v 0.93750000 0.93750000 -2.0961242e-18
v -0.82729945 -1.82500000 -0.49207532
v -0.82729945 1.82500000 -0.49207532
v -0.83979945 -1.82500000 -0.47042468
v -0.83979945 1.82500000 -0.47042468
v -0.80422364 1.82500000 -0.47875249
v -0.80422364 -1.82500000 -0.47875249
v -0.81189882 -1.82500000 -0.46875000
v -0.81189882 1.82500000 -0.46875000
v -0.81672364 -1.82500000 -0.45710185
v -0.81672364 1.82500000 -0.45710185
v 1.2500000e-2 -1.82500000 0.96250000
v 1.2500000e-2 1.82500000 0.96250000
v -1.2500000e-2 -1.82500000 0.96250000
v -1.2500000e-2 1.82500000 0.96250000
v 1.2500000e-2 1.82500000 0.93585434
v 1.2500000e-2 -1.82500000 0.93585434
v -4.2271139e-17 -1.82500000 0.93750000
v -7.0026715e-17 1.82500000 0.93750000
v -1.2500000e-2 -1.82500000 0.93585434
v -1.2500000e-2 1.82500000 0.93585434
v 0.49207532 -1.82500000 0.82729945
v 0.49207532 1.82500000 0.82729945
v 0.47042468 -1.82500000 0.83979945
v 0.47042468 1.82500000 0.83979945
v 0.47875249 1.82500000 0.80422364
v 0.47875249 -1.82500000 0.80422364
v 0.46875000 -1.82500000 0.81189882
v 0.46875000 1.82500000 0.81189882
v 0.45710185 -1.82500000 0.81672364
v 0.45710185 1.82500000 0.81672364
v 0.26118740 -1.82500000 0.92646837
v 0.26118740 1.82500000 0.92646837
v 0.23703926 -1.82500000 0.93293885
v 0.23703926 1.82500000 0.93293885
v 0.25429100 1.82500000 0.90073064
v 0.25429100 -1.82500000 0.90073064
v 0.24264285 -1.82500000 0.90555546
v 0.24264285 1.82500000 0.90555546
v 0.23014285 -1.82500000 0.90720112
v 0.23014285 1.82500000 0.90720112
v -0.68942911 -1.82500000 0.67175144
v -0.68942911 1.82500000 0.67175144
v -0.67175144 -1.82500000 0.68942911
v -0.67175144 1.82500000 0.68942911
v -0.67058779 1.82500000 0.65291012
v -0.67058779 -1.82500000 0.65291012
v -0.66291261 -1.82500000 0.66291261
v -0.66291261 1.82500000 0.66291261
v -0.65291012 -1.82500000 0.67058779
v -0.65291012 1.82500000 0.67058779
v -0.26118740 -1.82500000 0.92646837
v -0.26118740 1.82500000 0.92646837
v -0.23703926 -1.82500000 0.93293885
v -0.23703926 1.82500000 0.93293885
v -0.25429100 1.82500000 0.90073064
v -0.25429100 -1.82500000 0.90073064
v -0.24264285 -1.82500000 0.90555546
v -0.24264285 1.82500000 0.90555546
v -0.23014285 -1.82500000 0.90720112
v -0.23014285 1.82500000 0.90720112
v -0.49207532 -1.82500000 0.82729945
v -0.49207532 1.82500000 0.82729945
v -0.47042468 -1.82500000 0.83979945
v -0.47042468 1.82500000 0.83979945
v -0.47875249 1.82500000 0.80422364
v -0.47875249 -1.82500000 0.80422364
v -0.46875000 -1.82500000 0.81189882
v -0.46875000 1.82500000 0.81189882
v -0.45710185 -1.82500000 0.81672364
v -0.45710185 1.82500000 0.81672364
v -0.96250000 -1.82500000 -1.2500000e-2
v -0.96250000 1.82500000 -1.2500000e-2
v -0.96250000 -1.82500000 1.2500000e-2
v -0.96250000 1.82500000 1.2500000e-2
v -0.93585434 1.82500000 -1.2500000e-2
v -0.93585434 -1.82500000 -1.2500000e-2
v -0.93750000 -1.82500000 -2.5311037e-16
v -0.93750000 1.82500000 -2.5311037e-16
v -0.93585434 -1.82500000 1.2500000e-2
v -0.93585434 1.82500000 1.2500000e-2
v -0.83979945 -1.82500000 0.47042468
v -0.83979945 1.82500000 0.47042468
v -0.82729945 -1.82500000 0.49207532
v -0.82729945 1.82500000 0.49207532
v -0.81672364 1.82500000 0.45710185
v -0.81672364 -1.82500000 0.45710185
v -0.81189882 -1.82500000 0.46875000
v -0.81189882 1.82500000 0.46875000
v -0.80422364 -1.82500000 0.47875249
v -0.80422364 1.82500000 0.47875249
v -0.93293885 -1.82500000 0.23703926
v -0.93293885 1.82500000 0.23703926
v -0.92646837 -1.82500000 0.26118740
v -0.92646837 1.82500000 0.26118740
v -0.90720112 1.82500000 0.23014285
v -0.90720112 -1.82500000 0.23014285
v -0.90555546 -1.82500000 0.24264285
v -0.90555546 1.82500000 0.24264285
v -0.90073064 -1.82500000 0.25429100
v -0.90073064 1.82500000 0.25429100
v -0.67175144 -1.82500000 -0.68942911
v -0.67175144 1.82500000 -0.68942911
v -0.68942911 -1.82500000 -0.67175144
v -0.68942911 1.82500000 -0.67175144
v -0.65291012 1.82500000 -0.67058779
v -0.65291012 -1.82500000 -0.67058779
v -0.66291261 -1.82500000 -0.66291261
v -0.66291261 1.82500000 -0.66291261
v -0.67058779 -1.82500000 -0.65291012
v -0.67058779 1.82500000 -0.65291012
v -0.92646837 -1.82500000 -0.26118740
v -0.92646837 1.82500000 -0.26118740
v -0.93293885 -1.82500000 -0.23703926
v -0.93293885 1.82500000 -0.23703926
v -0.90073064 1.82500000 -0.25429100
v -0.90073064 -1.82500000 -0.25429100
v -0.90555546 -1.82500000 -0.24264285
v -0.90555546 1.82500000 -0.24264285
v -0.90720112 -1.82500000 -0.23014285
v -0.90720112 1.82500000 -0.23014285
v 0.82729945 -1.82500000 0.49207532
v 0.82729945 1.82500000 0.49207532
v 0.83979945 -1.82500000 0.47042468
v 0.83979945 1.82500000 0.47042468
v 0.80422364 1.82500000 0.47875249
v 0.80422364 -1.82500000 0.47875249
v 0.81189882 -1.82500000 0.46875000
v 0.81189882 1.82500000 0.46875000
v 0.81672364 -1.82500000 0.45710185
v 0.81672364 1.82500000 0.45710185
v -1.2500000e-2 -1.82500000 -0.96250000
v -1.2500000e-2 1.82500000 -0.96250000
v 1.2500000e-2 -1.82500000 -0.96250000
v 1.2500000e-2 1.82500000 -0.96250000
v -1.2500000e-2 1.82500000 -0.93585434
v -1.2500000e-2 -1.82500000 -0.93585434
v -2.0469737e-16 -1.82500000 -0.93750000
v -1.7694179e-16 1.82500000 -0.93750000
v 1.2500000e-2 -1.82500000 -0.93585434
v 1.2500000e-2 1.82500000 -0.93585434
v -0.49207532 -1.82500000 -0.82729945
v -0.49207532 1.82500000 -0.82729945
v -0.47042468 -1.82500000 -0.83979945
v -0.47042468 1.82500000 -0.83979945
v -0.47875249 1.82500000 -0.80422364
v -0.47875249 -1.82500000 -0.80422364
v -0.46875000 -1.82500000 -0.81189882
v -0.46875000 1.82500000 -0.81189882
v -0.45710185 -1.82500000 -0.81672364
v -0.45710185 1.82500000 -0.81672364
v -0.26118740 -1.82500000 -0.92646837
v -0.26118740 1.82500000 -0.92646837
v -0.23703926 -1.82500000 -0.93293885
v -0.23703926 1.82500000 -0.93293885
v -0.25429100 1.82500000 -0.90073064
v -0.25429100 -1.82500000 -0.90073064
v -0.24264285 -1.82500000 -0.90555546
v -0.24264285 1.82500000 -0.90555546
v -0.23014285 -1.82500000 -0.90720112
v -0.23014285 1.82500000 -0.90720112
v 0.68942911 -1.82500000 -0.67175144
v 0.68942911 1.82500000 -0.67175144
v 0.67175144 -1.82500000 -0.68942911
v 0.67175144 1.82500000 -0.68942911
v 0.67058779 1.82500000 -0.65291012
v 0.67058779 -1.82500000 -0.65291012
v 0.66291261 -1.82500000 -0.66291261
v 0.66291261 1.82500000 -0.66291261
v 0.65291012 -1.82500000 -0.67058779
v 0.65291012 1.82500000 -0.67058779
v 0.26118740 -1.82500000 -0.92646837
v 0.26118740 1.82500000 -0.92646837
v 0.23703926 -1.82500000 -0.93293885
v 0.23703926 1.82500000 -0.93293885
v 0.25429100 1.82500000 -0.90073064
v 0.25429100 -1.82500000 -0.90073064
v 0.24264285 -1.82500000 -0.90555546
v 0.24264285 1.82500000 -0.90555546
v 0.23014285 -1.82500000 -0.90720112
v 0.23014285 1.82500000 -0.90720112
v 0.49207532 -1.82500000 -0.82729945
v 0.49207532 1.82500000 -0.82729945
v 0.47042468 -1.82500000 -0.83979945
v 0.47042468 1.82500000 -0.83979945
v 0.47875249 1.82500000 -0.80422364
v 0.47875249 -1.82500000 -0.80422364
v 0.46875000 -1.82500000 -0.81189882
v 0.46875000 1.82500000 -0.81189882
v 0.45710185 -1.82500000 -0.81672364
v 0.45710185 1.82500000 -0.81672364
v 0.96250000 -1.82500000 1.2500000e-2
v 0.96250000 1.82500000 1.2500000e-2
v 0.96250000 -1.82500000 -1.2500000e-2
v 0.96250000 1.82500000 -1.2500000e-2
v 0.93585434 1.82500000 1.2500000e-2
v 0.93585434 -1.82500000 1.2500000e-2
v 0.93750000 -1.82500000 1.3829973e-16
v 0.93750000 1.82500000 1.3829973e-16
v 0.93585434 -1.82500000 -1.2500000e-2
v 0.93585434 1.82500000 -1.2500000e-2
v 0.83979945 -1.82500000 -0.47042468
v 0.83979945 1.82500000 -0.47042468
v 0.82729945 -1.82500000 -0.49207532
v 0.82729945 1.82500000 -0.49207532
v 0.81672364 1.82500000 -0.45710185
v 0.81672364 -1.82500000 -0.45710185
v 0.81189882 -1.82500000 -0.46875000
v 0.81189882 1.82500000 -0.46875000
v 0.80422364 -1.82500000 -0.47875249
v 0.80422364 1.82500000 -0.47875249
v 0.93293885 -1.82500000 -0.23703926
v 0.93293885 1.82500000 -0.23703926
v 0.92646837 -1.82500000 -0.26118740
v 0.92646837 1.82500000 -0.26118740
v 0.90720112 1.82500000 -0.23014285
v 0.90720112 -1.82500000 -0.23014285
v 0.90555546 -1.82500000 -0.24264285
v 0.90555546 1.82500000 -0.24264285
v 0.90073064 -1.82500000 -0.25429100
v 0.90073064 1.82500000 -0.25429100
v 0.67175144 -1.82500000 0.68942911
v 0.67175144 1.82500000 0.68942911
v 0.68942911 -1.82500000 0.67175144
v 0.68942911 1.82500000 0.67175144
v 0.65291012 1.82500000 0.67058779
v 0.65291012 -1.82500000 0.67058779
v 0.66291261 -1.82500000 0.66291261
v 0.66291261 1.82500000 0.66291261
v 0.67058779 -1.82500000 0.65291012
v 0.67058779 1.82500000 0.65291012
v 0.92646837 -1.82500000 0.26118740
v 0.92646837 1.82500000 0.26118740
v 0.93293885 -1.82500000 0.23703926
v 0.93293885 1.82500000 0.23703926
v 0.90073064 1.82500000 0.25429100
v 0.90073064 -1.82500000 0.25429100
v 0.90555546 -1.82500000 0.24264285
v 0.90555546 1.82500000 0.24264285
v 0.90720112 -1.82500000 0.23014285
v 0.90720112 1.82500000 0.23014285
v -0.84437651 0.71250000 0.39034191
v -0.87307777 0.71250000 0.32105094
v -0.84437651 0.86250000 0.39034191
v -0.87307777 0.86250000 0.32105094
v -0.86747350 0.71250000 0.39990900
v -0.89617476 0.71250000 0.33061803
v -0.86747350 0.86250000 0.39990900
v -0.89617476 0.86250000 0.33061803
v -0.84437651 -1.08750000 0.39034191
v -0.87307777 -1.08750000 0.32105094
v -0.84437651 -1.01250000 0.39034191
v -0.87307777 -1.01250000 0.32105094
v -0.86747350 -1.08750000 0.39990900
v -0.89617476 -1.08750000 0.33061803
v -0.86747350 -1.01250000 0.39990900
v -0.89617476 -1.01250000 0.33061803
v -0.84437651 -0.22500000 -0.39034191
v -0.87307777 -0.22500000 -0.32105094
v -0.84437651 -7.5000000e-2 -0.39034191
v -0.87307777 -7.5000000e-2 -0.32105094
v -0.86747350 -0.22500000 -0.39990900
v -0.89617476 -0.22500000 -0.33061803
v -0.86747350 -7.5000000e-2 -0.39990900
v -0.89617476 -7.5000000e-2 -0.33061803
v 0.84437651 0.71250000 -0.39034191
v 0.87307777 0.71250000 -0.32105094
v 0.84437651 0.86250000 -0.39034191
v 0.87307777 0.86250000 -0.32105094
v 0.86747350 0.71250000 -0.39990900
v 0.89617476 0.71250000 -0.33061803
v 0.86747350 0.86250000 -0.39990900
v 0.89617476 0.86250000 -0.33061803
v 0.84437651 -1.08750000 -0.39034191
v 0.87307777 -1.08750000 -0.32105094
v 0.84437651 -1.01250000 -0.39034191
v 0.87307777 -1.01250000 -0.32105094
v 0.86747350 -1.08750000 -0.39990900
v 0.89617476 -1.08750000 -0.33061803
v 0.86747350 -1.01250000 -0.39990900
v 0.89617476 -1.01250000 -0.33061803
v 0.84437651 -0.22500000 0.39034191
v 0.87307777 -0.22500000 0.32105094
v 0.84437651 -7.5000000e-2 0.39034191
v 0.87307777 -7.5000000e-2 0.32105094
v 0.86747350 -0.22500000 0.39990900
v 0.89617476 -0.22500000 0.33061803
v 0.86747350 -7.5000000e-2 0.39990900
v 0.89617476 -7.5000000e-2 0.33061803
vt 1.8750000e-2 0.24745739
vt 1.8750000e-2 0.24745739
vt 1.8750000e-2 0.43077630
vt 1.8750000e-2 0.61394962
vt 1.8750000e-2 0.79712294
vt 1.8750000e-2 0.97991687
vt 1.8750000e-2 0.43077630
vt 1.8750000e-2 0.61394962
vt 1.8750000e-2 0.79712294
vt 1.8750000e-2 0.97991687
vt 6.6567833e-2 0.24745739
vt 6.6567833e-2 0.43077630
vt 6.6567833e-2 0.61394962
vt 6.6567833e-2 0.79712294
vt 6.6567833e-2 0.97991687
vt 6.6567833e-2 0.24745739
vt 6.6567833e-2 0.43077630
vt 6.6567833e-2 0.61394962
vt 6.6567833e-2 0.79712294
vt 6.6567833e-2 0.97991687
vt 0.11438567 0.24745739
vt 0.11438567 0.43077630
vt 0.11438567 0.24745739
vt 0.11438567 0.43077630
vt 0.11438567 0.97991687
vt 0.11438567 0.61394962
vt 0.11438567 0.79712294
vt 0.11438567 0.61394962
vt 0.11438567 0.79712294
vt 0.11438567 0.97991687
vt 0.16220350 0.24745739
vt 0.16220350 0.24745739
vt 0.16220350 0.43077630
vt 0.16220350 0.43077630
vt 0.16220350 0.61394962
vt 0.16220350 0.61394962
vt 0.16220350 0.79712294
vt 0.16220350 0.79712294
vt 0.16220350 0.97991687
vt 0.16220350 0.97991687
vt 0.21002133 0.24745739
vt 0.21002133 0.43077630
vt 0.21002133 0.61394962
vt 0.21002133 0.79712294
vt 0.21002133 0.97991687
vt 0.21002133 0.97991687
vt 0.21002133 0.79712294
vt 0.21002133 0.61394962
vt 0.21002133 0.43077630
vt 0.21002133 0.24745739
vt 0.25783916 0.24745739
vt 0.25783916 0.43077630
vt 0.25783916 0.61394962
vt 0.25783916 0.79712294
vt 0.25783916 0.97991687
vt 0.25783916 0.97991687
vt 0.25783916 0.79712294
vt 0.25783916 0.61394962
vt 0.25783916 0.43077630
vt 0.25783916 0.24745739
vt 0.30565700 0.24745739
vt 0.30565700 0.43077630
vt 0.30565700 0.43077630
vt 0.30565700 0.61394962
vt 0.30565700 0.61394962
vt 0.30565700 0.79712294
vt 0.30565700 0.79712294
vt 0.30565700 0.97991687
vt 0.30565700 0.24745739
vt 0.30565700 0.97991687
vt 0.35347483 0.24745739
vt 0.35347483 0.43077630
vt 0.35347483 0.43077630
vt 0.35347483 0.61394962
vt 0.35347483 0.79712294
vt 0.35347483 0.97991687
vt 0.35347483 0.24745739
vt 0.35347483 0.61394962
vt 0.35347483 0.79712294
vt 0.35347483 0.97991687
vt 0.40129266 0.24745739
vt 0.40129266 0.43077630
vt 0.40129266 0.97991687
vt 0.40129266 0.61394962
vt 0.40129266 0.79712294
vt 0.40129266 0.61394962
vt 0.40129266 0.79712294
vt 0.40129266 0.43077630
vt 0.40129266 0.97991687
vt 0.40129266 0.24745739
vt 0.44911049 0.24745739
vt 0.44911049 0.43077630
vt 0.44911049 0.24745739
vt 0.44911049 0.43077630
vt 0.44911049 0.61394962
vt 0.44911049 0.61394962
vt 0.44911049 0.79712294
vt 0.44911049 0.79712294
vt 0.44911049 0.97991687
vt 0.44911049 0.97991687
vt 0.49692833 0.97991687
vt 0.49692833 0.79712294
vt 0.49692833 0.24745739
vt 0.49692833 0.61394962
vt 0.49692833 0.43077630
vt 0.49692833 0.43077630
vt 0.49692833 0.61394962
vt 0.49692833 0.24745739
vt 0.49692833 0.79712294
vt 0.49692833 0.97991687
vt 0.54474616 0.24745739
vt 0.54474616 0.24745739
vt 0.54474616 0.43077630
vt 0.54474616 0.43077630
vt 0.54474616 0.61394962
vt 0.54474616 0.79712294
vt 0.54474616 0.97991687
vt 0.54474616 0.61394962
vt 0.54474616 0.79712294
vt 0.54474616 0.97991687
vt 0.59256399 0.24745739
vt 0.59256399 0.43077630
vt 0.59256399 0.24745739
vt 0.59256399 0.61394962
vt 0.59256399 0.43077630
vt 0.59256399 0.79712294
vt 0.59256399 0.61394962
vt 0.59256399 0.97991687
vt 0.59256399 0.79712294
vt 0.59256399 0.97991687
vt 0.61147204 0.25750431
vt 0.61147204 0.97039493
vt 0.61667627 0.25230008
vt 0.61667627 0.25750431
vt 0.61667627 0.97039493
vt 0.61667627 0.97559916
vt 0.61911768 0.25262149
vt 0.61911768 0.97527774
vt 0.62155908 0.25230008
vt 0.62155908 0.25750431
vt 0.62155908 0.97039493
vt 0.62155908 0.97559916
vt 0.62676331 0.25750431
vt 0.62676331 0.97039493
vt 0.63621823 0.25750431
vt 0.63621823 0.97039493
vt 0.64142246 0.25230008
vt 0.64142246 0.25750431
vt 0.64142246 0.97039493
vt 0.64142246 0.97559916
vt 0.64386387 0.25262149
vt 0.64386387 0.97527774
vt 0.64589908 9.2576473e-2
vt 0.64589908 0.12114536
vt 0.64589908 0.15113127
vt 0.64589908 0.16541572
vt 0.64589908 0.19431546
vt 0.64589908 0.22288435
vt 0.64589908 9.2576473e-2
vt 0.64589908 0.12114536
vt 0.64630527 0.25230008
vt 0.64630527 0.25750431
vt 0.64630527 0.97039493
vt 0.64630527 0.97559916
vt 0.65066057 8.7814992e-2
vt 0.65066057 9.2576473e-2
vt 0.65066057 0.12114536
vt 0.65066057 0.12590685
vt 0.65066057 0.14636979
vt 0.65066057 0.15113127
vt 0.65066057 0.16541572
vt 0.65066057 0.17017720
vt 0.65066057 0.18955398
vt 0.65066057 0.19431546
vt 0.65066057 0.22288435
vt 0.65066057 0.22764583
vt 0.65066057 0.22764583
vt 0.65066057 0.17017720
vt 0.65066057 8.7814992e-2
vt 0.65066057 9.2576473e-2
vt 0.65066057 0.12114536
vt 0.65066057 0.12590685
vt 0.65150950 0.25750431
vt 0.65150950 0.97039493
vt 0.66080633 0.25750431
vt 0.66080633 0.97039493
vt 0.66494501 8.7814992e-2
vt 0.66494501 9.2576473e-2
vt 0.66494501 0.12114536
vt 0.66494501 0.12590685
vt 0.66494501 0.14636979
vt 0.66494501 0.15113127
vt 0.66494501 0.16541572
vt 0.66494501 0.17017720
vt 0.66494501 0.18955398
vt 0.66494501 0.18955398
vt 0.66494501 0.19431546
vt 0.66494501 0.22288435
vt 0.66494501 0.22288435
vt 0.66494501 0.22764583
vt 0.66494501 8.7814992e-2
vt 0.66494501 9.2576473e-2
vt 0.66494501 0.12114536
vt 0.66494501 0.12590685
vt 0.66601056 0.25230008
vt 0.66601056 0.25750431
vt 0.66601056 0.97039493
vt 0.66601056 0.97559916
vt 0.66845196 0.25262149
vt 0.66845196 0.97527774
vt 0.66970649 9.2576473e-2
vt 0.66970649 0.12114536
vt 0.66970649 0.15113127
vt 0.66970649 0.16541572
vt 0.66970649 0.16541572
vt 0.66970649 0.19431546
vt 0.66970649 0.22288435
vt 0.66970649 0.22288435
vt 0.66970649 9.2576473e-2
vt 0.66970649 0.12114536
vt 0.67089337 0.25230008
vt 0.67089337 0.25750431
vt 0.67089337 0.97039493
vt 0.67089337 0.97559916
vt 0.67609760 0.25750431
vt 0.67609760 0.97039493
vt 0.68549104 0.25750431
vt 0.68549104 0.97039493
vt 0.69069527 0.25230008
vt 0.69069527 0.25750431
vt 0.69069527 0.97039493
vt 0.69069527 0.97559916
vt 0.69313668 0.25262149
vt 0.69313668 0.97527774
vt 0.69557809 0.25230008
vt 0.69557809 0.25750431
vt 0.69557809 0.97039493
vt 0.69557809 0.97559916
vt 0.70078232 0.25750431
vt 0.70078232 0.97039493
vt 0.71014908 0.25750431
vt 0.71014908 0.97039493
vt 0.71535331 0.25230008
vt 0.71535331 0.25750431
vt 0.71535331 0.97039493
vt 0.71535331 0.97559916
vt 0.71779472 0.25262149
vt 0.71779472 0.97527774
vt 0.72023612 0.25230008
vt 0.72023612 0.25750431
vt 0.72023612 0.97039493
vt 0.72023612 0.97559916
vt 0.72544035 0.25750431
vt 0.72544035 0.97039493
vt 0.73508675 0.25750431
vt 0.73508675 0.97039493
vt 0.74029098 0.25230008
vt 0.74029098 0.25750431
vt 0.74029098 0.97039493
vt 0.74029098 0.97559916
vt 0.74273239 0.25262149
vt 0.74273239 0.97527774
vt 0.74517379 0.25230008
vt 0.74517379 0.25750431
vt 0.74517379 0.97039493
vt 0.74517379 0.97559916
vt 0.75037802 0.25750431
vt 0.75037802 0.97039493
vt 0.75988305 0.25750431
vt 0.75988305 0.97039493
vt 0.76508728 0.25230008
vt 0.76508728 0.25750431
vt 0.76508728 0.97039493
vt 0.76508728 0.97559916
vt 0.76752868 0.25262149
vt 0.76752868 0.97527774
vt 0.76997009 0.25230008
vt 0.76997009 0.25750431
vt 0.76997009 0.97039493
vt 0.76997009 0.97559916
vt 0.77517432 0.25750431
vt 0.77517432 0.97039493
vt 0.78451970 0.25750431
vt 0.78451970 0.97039493
vt 0.78972393 0.25230008
vt 0.78972393 0.25750431
vt 0.78972393 0.97039493
vt 0.78972393 0.97559916
vt 0.79216534 0.25262149
vt 0.79216534 0.97527774
vt 0.79460674 0.25230008
vt 0.79460674 0.25750431
vt 0.79460674 0.97039493
vt 0.79460674 0.97559916
vt 0.79981097 0.25750431
vt 0.79981097 0.97039493
vt 0.80925236 0.25750431
vt 0.80925236 0.97039493
vt 0.81445659 0.25230008
vt 0.81445659 0.25750431
vt 0.81445659 0.97039493
vt 0.81445659 0.97559916
vt 0.81689800 0.25262149
vt 0.81689800 0.97527774
vt 0.81933940 0.25230008
vt 0.81933940 0.25750431
vt 0.81933940 0.97039493
vt 0.81933940 0.97559916
vt 0.82454363 0.25750431
vt 0.82454363 0.97039493
vt 0.83401988 0.97039493
vt 0.83401988 0.25750431
vt 0.83922411 0.97039493
vt 0.83922411 0.97559916
vt 0.83922411 0.25230008
vt 0.83922411 0.25750431
vt 0.84166551 0.25262149
vt 0.84166551 0.97527774
vt 0.84410692 0.97039493
vt 0.84410692 0.97559916
vt 0.84410692 0.25230008
vt 0.84410692 0.25750431
vt 0.84931115 0.97039493
vt 0.84931115 0.25750431
vt 0.85893069 0.97039493
vt 0.85893069 0.25750431
vt 0.86413492 0.97039493
vt 0.86413492 0.97559916
vt 0.86413492 0.25230008
vt 0.86413492 0.25750431
vt 0.86657633 0.25262149
vt 0.86657633 0.97527774
vt 0.86901773 0.97039493
vt 0.86901773 0.97559916
vt 0.86901773 0.25230008
vt 0.86901773 0.25750431
vt 0.87422196 0.97039493
vt 0.87422196 0.25750431
vt 0.88358867 0.97039493
vt 0.88358867 0.25750431
vt 0.88879290 0.97039493
vt 0.88879290 0.97559916
vt 0.88879290 0.25230008
vt 0.88879290 0.25750431
vt 0.89123431 0.25262149
vt 0.89123431 0.97527774
vt 0.89367572 0.97039493
vt 0.89367572 0.97559916
vt 0.89367572 0.25230008
vt 0.89367572 0.25750431
vt 0.89887995 0.97039493
vt 0.89887995 0.25750431
vn 1.00000000 0.0000000e+0 -2.5195570e-16
vn 0.96592583 0.0000000e+0 0.25881905
vn 0.86602540 0.0000000e+0 0.50000000
vn 0.70710678 0.0000000e+0 0.70710678
vn 0.50000000 0.0000000e+0 0.86602540
vn 0.25881905 0.0000000e+0 0.96592583
vn 1.5397293e-16 0.0000000e+0 1.00000000
vn -0.25881905 0.0000000e+0 0.96592583
vn -0.50000000 0.0000000e+0 0.86602540
vn -0.70710678 0.0000000e+0 0.70710678
vn -0.86602540 0.0000000e+0 0.50000000
vn -0.96592583 0.0000000e+0 0.25881905
vn -1.00000000 0.0000000e+0 3.4993847e-16
vn -0.96592583 0.0000000e+0 -0.25881905
vn -0.86602540 0.0000000e+0 -0.50000000
vn -0.70710678 0.0000000e+0 -0.70710678
vn -0.50000000 0.0000000e+0 -0.86602540
vn -0.25881905 0.0000000e+0 -0.96592583
vn -4.7591632e-16 0.0000000e+0 -1.00000000
vn 0.25881905 0.0000000e+0 -0.96592583
vn 0.50000000 0.0000000e+0 -0.86602540
vn 0.70710678 0.0000000e+0 -0.70710678
vn 0.86602540 0.0000000e+0 -0.50000000
vn 0.96592583 0.0000000e+0 -0.25881905
vn 1.00000000 0.0000000e+0 -2.5195570e-16
vn 0.96592583 0.0000000e+0 0.25881905
vn 0.86602540 0.0000000e+0 0.50000000
vn 0.70710678 0.0000000e+0 0.70710678
vn 0.50000000 0.0000000e+0 0.86602540
vn 0.25881905 0.0000000e+0 0.96592583
vn 1.5397293e-16 0.0000000e+0 1.00000000
vn -0.25881905 0.0000000e+0 0.96592583
vn -0.50000000 0.0000000e+0 0.86602540
vn -0.70710678 0.0000000e+0 0.70710678
vn -0.86602540 0.0000000e+0 0.50000000
vn -0.96592583 0.0000000e+0 0.25881905
vn -1.00000000 0.0000000e+0 3.4993847e-16
vn -0.96592583 0.0000000e+0 -0.25881905
vn -0.86602540 0.0000000e+0 -0.50000000
vn -0.70710678 0.0000000e+0 -0.70710678
vn -0.50000000 0.0000000e+0 -0.86602540
vn -0.25881905 0.0000000e+0 -0.96592583
vn -4.7591632e-16 0.0000000e+0 -1.00000000
vn 0.25881905 0.0000000e+0 -0.96592583
vn 0.50000000 0.0000000e+0 -0.86602540
vn 0.70710678 0.0000000e+0 -0.70710678
vn 0.86602540 0.0000000e+0 -0.50000000
vn 0.96592583 0.0000000e+0 -0.25881905
vn 0.96592583 0.0000000e+0 -0.25881905
vn 0.86602540 0.0000000e+0 -0.50000000
vn 0.70710678 0.0000000e+0 -0.70710678
vn 0.50000000 0.0000000e+0 -0.86602540
vn 0.25881905 0.0000000e+0 -0.96592583
vn -4.7591632e-16 0.0000000e+0 -1.00000000
vn -0.25881905 0.0000000e+0 -0.96592583
vn -0.50000000 0.0000000e+0 -0.86602540
vn -0.70710678 0.0000000e+0 -0.70710678
vn -0.86602540 0.0000000e+0 -0.50000000
vn -0.96592583 0.0000000e+0 -0.25881905
vn -1.00000000 0.0000000e+0 3.4993847e-16
vn -0.96592583 0.0000000e+0 0.25881905
vn -0.86602540 0.0000000e+0 0.50000000
vn -0.70710678 0.0000000e+0 0.70710678
vn -0.50000000 0.0000000e+0 0.86602540
vn -0.25881905 0.0000000e+0 0.96592583
vn 1.5397293e-16 0.0000000e+0 1.00000000
vn 0.25881905 0.0000000e+0 0.96592583
vn 0.50000000 0.0000000e+0 0.86602540
vn 0.70710678 0.0000000e+0 0.70710678
vn 0.86602540 0.0000000e+0 0.50000000
vn 0.96592583 0.0000000e+0 0.25881905
vn 1.00000000 0.0000000e+0 -2.5195570e-16
vn 0.96592583 0.0000000e+0 -0.25881905
vn 0.86602540 0.0000000e+0 -0.50000000
vn 0.70710678 0.0000000e+0 -0.70710678
vn 0.50000000 0.0000000e+0 -0.86602540
vn 0.25881905 0.0000000e+0 -0.96592583
vn -4.7591632e-16 0.0000000e+0 -1.00000000
vn -0.25881905 0.0000000e+0 -0.96592583
vn -0.50000000 0.0000000e+0 -0.86602540
vn -0.70710678 0.0000000e+0 -0.70710678
vn -0.86602540 0.0000000e+0 -0.50000000
vn -0.96592583 0.0000000e+0 -0.25881905
vn -1.00000000 0.0000000e+0 3.4993847e-16
vn -0.96592583 0.0000000e+0 0.25881905
vn -0.86602540 0.0000000e+0 0.50000000
vn -0.70710678 0.0000000e+0 0.70710678
vn -0.50000000 0.0000000e+0 0.86602540
vn -0.25881905 0.0000000e+0 0.96592583
vn 1.5397293e-16 0.0000000e+0 1.00000000
vn 0.25881905 0.0000000e+0 0.96592583
vn 0.50000000 0.0000000e+0 0.86602540
vn 0.70710678 0.0000000e+0 0.70710678
vn 0.86602540 0.0000000e+0 0.50000000
vn 0.96592583 0.0000000e+0 0.25881905
vn 1.00000000 0.0000000e+0 -2.5195570e-16
vn 0.96592583 0.0000000e+0 -0.25881905
vn 0.86602540 0.0000000e+0 -0.50000000
vn 0.70710678 0.0000000e+0 -0.70710678
vn 0.50000000 0.0000000e+0 -0.86602540
vn 0.25881905 0.0000000e+0 -0.96592583
vn -4.7591632e-16 0.0000000e+0 -1.00000000
vn -0.25881905 0.0000000e+0 -0.96592583
vn -0.50000000 0.0000000e+0 -0.86602540
vn -0.70710678 0.0000000e+0 -0.70710678
vn -0.86602540 0.0000000e+0 -0.50000000
vn -0.96592583 0.0000000e+0 -0.25881905
vn -1.00000000 0.0000000e+0 3.4993847e-16
vn -0.96592583 0.0000000e+0 0.25881905
vn -0.86602540 0.0000000e+0 0.50000000
vn -0.70710678 0.0000000e+0 0.70710678
vn -0.50000000 0.0000000e+0 0.86602540
vn -0.25881905 0.0000000e+0 0.96592583
vn 1.5397293e-16 0.0000000e+0 1.00000000
vn 0.25881905 0.0000000e+0 0.96592583
vn 0.50000000 0.0000000e+0 0.86602540
vn 0.70710678 0.0000000e+0 0.70710678
vn 0.86602540 0.0000000e+0 0.50000000
vn 0.96592583 0.0000000e+0 0.25881905
vn 1.00000000 0.0000000e+0 -2.5195570e-16
vn 0.0000000e+0 -1.00000000 6.9443653e-15
vn 0.0000000e+0 1.00000000 6.7158046e-15
vn 0.0000000e+0 -1.00000000 7.4014868e-15
vn 0.0000000e+0 1.00000000 7.4014868e-15
vn 0.0000000e+0 -1.00000000 6.9443653e-15
vn 0.0000000e+0 1.00000000 -6.9443653e-15
vn 0.0000000e+0 -1.00000000 0.0000000e+0
vn 0.0000000e+0 1.00000000 6.9443653e-15
vn 0.0000000e+0 -1.00000000 3.4721827e-15
vn 0.0000000e+0 1.00000000 -1.0118456e-27
vn 0.0000000e+0 -1.00000000 -4.5712152e-16
vn 0.0000000e+0 1.00000000 0.0000000e+0
vn 0.0000000e+0 -1.00000000 -4.5712152e-16
vn 0.0000000e+0 1.00000000 0.0000000e+0
vn 0.0000000e+0 -1.00000000 8.6804566e-15
vn 0.0000000e+0 1.00000000 -8.6804566e-15
vn 0.0000000e+0 -1.00000000 -2.2856076e-16
vn 0.0000000e+0 1.00000000 3.4721827e-15
vn 0.0000000e+0 -1.00000000 -9.8232604e-16
vn 0.0000000e+0 1.00000000 5.9620393e-15
vn 0.0000000e+0 -1.00000000 -3.4721827e-15
vn 0.0000000e+0 1.00000000 6.9443653e-15
vn 0.0000000e+0 -1.00000000 -4.2259479e-15
vn 0.0000000e+0 1.00000000 9.8232604e-16
vn 0.0000000e+0 -1.00000000 -6.9443653e-15
vn 0.0000000e+0 1.00000000 -6.7158046e-15
vn 0.0000000e+0 -1.00000000 -7.4014868e-15
vn 0.0000000e+0 1.00000000 -7.4014868e-15
vn 0.0000000e+0 -1.00000000 -6.9443653e-15
vn 0.0000000e+0 1.00000000 6.9443653e-15
vn 0.0000000e+0 -1.00000000 4.5712152e-16
vn 0.0000000e+0 1.00000000 7.4014868e-15
vn 0.0000000e+0 -1.00000000 -3.4721827e-15
vn 0.0000000e+0 1.00000000 9.0456050e-28
vn 0.0000000e+0 -1.00000000 0.0000000e+0
vn 0.0000000e+0 1.00000000 4.5712152e-16
vn 0.0000000e+0 -1.00000000 4.5712152e-16
vn 0.0000000e+0 1.00000000 0.0000000e+0
vn 0.0000000e+0 -1.00000000 -8.6804566e-15
vn 0.0000000e+0 1.00000000 8.6804566e-15
vn 0.0000000e+0 -1.00000000 2.2856076e-16
vn 0.0000000e+0 1.00000000 -3.4721827e-15
vn 0.0000000e+0 -1.00000000 9.8232604e-16
vn 0.0000000e+0 1.00000000 -5.9620393e-15
vn 0.0000000e+0 -1.00000000 3.4721827e-15
vn 0.0000000e+0 1.00000000 -6.9443653e-15
vn 0.0000000e+0 -1.00000000 4.2259479e-15
vn 0.0000000e+0 1.00000000 -9.8232604e-16
vn -0.86602540 2.3763335e-18 -0.50000000
vn 0.0000000e+0 -1.00000000 1.0416548e-14
vn 0.50000000 4.9914484e-16 -0.86602540
vn 0.0000000e+0 -1.00000000 1.0416548e-14
vn -0.86602540 2.3763335e-18 -0.50000000
vn 0.0000000e+0 1.00000000 -1.0759389e-14
vn 0.0000000e+0 1.00000000 -1.0759389e-14
vn 0.50000000 4.9914484e-16 -0.86602540
vn -0.86602540 2.3763335e-18 -0.50000000
vn 0.0000000e+0 -1.00000000 0.0000000e+0
vn -0.50000000 -5.0917790e-16 0.86602540
vn 0.0000000e+0 -1.00000000 0.0000000e+0
vn -0.86602540 2.3763335e-18 -0.50000000
vn 0.0000000e+0 1.00000000 1.5281981e-14
vn -0.50000000 -5.0917790e-16 0.86602540
vn 0.0000000e+0 1.00000000 1.5281981e-14
vn 0.0000000e+0 1.00000000 -1.0416548e-14
vn 0.50000000 4.9914484e-16 -0.86602540
vn 0.50000000 4.9914484e-16 -0.86602540
vn 0.0000000e+0 -1.00000000 2.0833096e-14
vn 0.0000000e+0 -1.00000000 0.0000000e+0
vn -0.50000000 -5.0917790e-16 0.86602540
vn -0.50000000 -5.0917790e-16 0.86602540
vn 0.0000000e+0 1.00000000 4.1666192e-14
vn 0.0000000e+0 0.0000000e+0 1.00000000
vn 0.0000000e+0 -1.00000000 1.1102230e-14
vn 1.00000000 4.8857417e-16 -6.5103425e-17
vn 0.0000000e+0 -1.00000000 1.1102230e-14
vn 0.0000000e+0 0.0000000e+0 1.00000000
vn 0.0000000e+0 1.00000000 1.1102230e-14
vn 0.0000000e+0 1.00000000 1.1102230e-14
vn 1.00000000 4.8857417e-16 -6.5103425e-17
vn 0.0000000e+0 0.0000000e+0 1.00000000
vn 0.0000000e+0 -1.00000000 1.1102230e-14
vn -1.00000000 -4.8857417e-16 6.5103425e-17
vn 0.0000000e+0 -1.00000000 1.1102230e-14
vn 0.0000000e+0 0.0000000e+0 1.00000000
vn 0.0000000e+0 1.00000000 1.1102230e-14
vn -1.00000000 -4.8857417e-16 6.5103425e-17
vn 0.0000000e+0 1.00000000 1.1102230e-14
vn 0.0000000e+0 1.00000000 0.0000000e+0
vn 1.00000000 4.8857417e-16 -6.5103425e-17
vn 1.00000000 4.8857417e-16 -6.5103425e-17
vn 0.0000000e+0 -1.00000000 0.0000000e+0
vn 0.0000000e+0 -1.00000000 0.0000000e+0
vn -1.00000000 -4.8857417e-16 6.5103425e-17
vn -1.00000000 -4.8857417e-16 6.5103425e-17
vn 0.0000000e+0 1.00000000 0.0000000e+0
vn 0.50000000 2.3763335e-18 0.86602540
vn 0.0000000e+0 -1.00000000 0.0000000e+0
vn 0.86602540 4.9245613e-16 -0.50000000
vn 0.0000000e+0 -1.00000000 0.0000000e+0
vn 0.50000000 2.3763335e-18 0.86602540
vn 0.0000000e+0 1.00000000 -1.0416548e-14
vn 0.0000000e+0 1.00000000 -1.0416548e-14
vn 0.86602540 4.9245613e-16 -0.50000000
vn 0.50000000 2.3763335e-18 0.86602540
vn 0.0000000e+0 -1.00000000 1.0416548e-14
vn -0.86602540 -4.8827569e-16 0.50000000
vn 0.0000000e+0 -1.00000000 1.0416548e-14
vn 0.50000000 2.3763335e-18 0.86602540
vn 0.0000000e+0 1.00000000 0.0000000e+0
vn -0.86602540 -4.8827569e-16 0.50000000
vn 0.0000000e+0 1.00000000 0.0000000e+0
vn 0.0000000e+0 1.00000000 -2.0833096e-14
vn 0.86602540 4.9245613e-16 -0.50000000
vn 0.86602540 4.9245613e-16 -0.50000000
vn 0.0000000e+0 -1.00000000 0.0000000e+0
vn 0.0000000e+0 -1.00000000 2.0833096e-14
vn -0.86602540 -4.8827569e-16 0.50000000
vn -0.86602540 -4.8827569e-16 0.50000000
vn 0.0000000e+0 1.00000000 0.0000000e+0
vn 0.25881905 4.4556254e-18 0.96592583
vn 0.0000000e+0 -1.00000000 0.0000000e+0
vn 0.96592583 4.8743960e-16 -0.25881905
vn 0.0000000e+0 -1.00000000 0.0000000e+0
vn 0.25881905 4.4556254e-18 0.96592583
vn 0.0000000e+0 1.00000000 1.0416548e-14
vn 0.0000000e+0 1.00000000 1.0416548e-14
vn 0.96592583 4.8743960e-16 -0.25881905
vn 0.25881905 4.4556254e-18 0.96592583
vn 0.0000000e+0 -1.00000000 0.0000000e+0
vn -0.96592583 -4.8646416e-16 0.25881905
vn 0.0000000e+0 -1.00000000 0.0000000e+0
vn 0.25881905 4.4556254e-18 0.96592583
vn 0.0000000e+0 1.00000000 0.0000000e+0
vn -0.96592583 -4.8646416e-16 0.25881905
vn 0.0000000e+0 1.00000000 0.0000000e+0
vn 0.0000000e+0 1.00000000 2.0833096e-14
vn 0.96592583 4.8743960e-16 -0.25881905
vn 0.96592583 4.8743960e-16 -0.25881905
vn 0.0000000e+0 -1.00000000 0.0000000e+0
vn 0.0000000e+0 -1.00000000 0.0000000e+0
vn -0.96592583 -4.8646416e-16 0.25881905
vn -0.96592583 -4.8646416e-16 0.25881905
vn 0.0000000e+0 1.00000000 0.0000000e+0
vn -0.70710678 0.0000000e+0 0.70710678
vn 0.0000000e+0 -1.00000000 -5.2082740e-15
vn -0.70710678 4.9468570e-16 -0.70710678
vn 0.0000000e+0 -1.00000000 -5.2082740e-15
vn -0.70710678 0.0000000e+0 0.70710678
vn 0.0000000e+0 1.00000000 -1.0416548e-14
vn 0.0000000e+0 1.00000000 -1.0416548e-14
vn -0.70710678 4.9468570e-16 -0.70710678
vn -0.70710678 0.0000000e+0 0.70710678
vn 0.0000000e+0 -1.00000000 1.0416548e-14
vn 0.70710678 -4.5148779e-16 0.70710678
vn 0.0000000e+0 -1.00000000 1.0416548e-14
vn -0.70710678 0.0000000e+0 0.70710678
vn 0.0000000e+0 1.00000000 1.0416548e-14
vn 0.70710678 -4.5148779e-16 0.70710678
vn 0.0000000e+0 1.00000000 1.0416548e-14
vn 0.0000000e+0 1.00000000 -2.0833096e-14
vn -0.70710678 4.9468570e-16 -0.70710678
vn -0.70710678 4.9468570e-16 -0.70710678
vn 0.0000000e+0 -1.00000000 -1.0416548e-14
vn 0.0000000e+0 -1.00000000 2.0833096e-14
vn 0.70710678 -4.5148779e-16 0.70710678
vn 0.70710678 -4.5148779e-16 0.70710678
vn 0.0000000e+0 1.00000000 2.0833096e-14
vn -0.25881905 -4.1585837e-18 0.96592583
vn 0.0000000e+0 -1.00000000 -6.8568228e-16
vn -0.96592583 5.2854728e-16 -0.25881905
vn 0.0000000e+0 -1.00000000 -6.8568228e-16
vn -0.25881905 -4.1585837e-18 0.96592583
vn 0.0000000e+0 1.00000000 0.0000000e+0
vn 0.0000000e+0 1.00000000 0.0000000e+0
vn -0.96592583 5.2854728e-16 -0.25881905
vn -0.25881905 -4.1585837e-18 0.96592583
vn 0.0000000e+0 -1.00000000 -1.1102230e-14
vn 0.96592583 -5.1182551e-16 0.25881905
vn 0.0000000e+0 -1.00000000 -1.1102230e-14
vn -0.25881905 -4.1585837e-18 0.96592583
vn 0.0000000e+0 1.00000000 0.0000000e+0
vn 0.96592583 -5.1182551e-16 0.25881905
vn 0.0000000e+0 1.00000000 0.0000000e+0
vn 0.0000000e+0 1.00000000 0.0000000e+0
vn -0.96592583 5.2854728e-16 -0.25881905
vn -0.96592583 5.2854728e-16 -0.25881905
vn 0.0000000e+0 -1.00000000 2.0833096e-14
vn 0.0000000e+0 -1.00000000 0.0000000e+0
vn 0.96592583 -5.1182551e-16 0.25881905
vn 0.96592583 -5.1182551e-16 0.25881905
vn 0.0000000e+0 1.00000000 0.0000000e+0
vn -0.50000000 -1.8713627e-17 0.86602540
vn 0.0000000e+0 -1.00000000 -6.8568228e-16
vn -0.86602540 5.1976835e-16 -0.50000000
vn 0.0000000e+0 -1.00000000 -6.8568228e-16
vn -0.50000000 -1.8713627e-17 0.86602540
vn 0.0000000e+0 1.00000000 0.0000000e+0
vn 0.0000000e+0 1.00000000 0.0000000e+0
vn -0.86602540 5.1976835e-16 -0.50000000
vn -0.50000000 -1.8713627e-17 0.86602540
vn 0.0000000e+0 -1.00000000 -1.1102230e-14
vn 0.86602540 -5.0248919e-16 0.50000000
vn 0.0000000e+0 -1.00000000 -1.1102230e-14
vn -0.50000000 -1.8713627e-17 0.86602540
vn 0.0000000e+0 1.00000000 0.0000000e+0
vn 0.86602540 -5.0248919e-16 0.50000000
vn 0.0000000e+0 1.00000000 0.0000000e+0
vn 0.0000000e+0 1.00000000 0.0000000e+0
vn -0.86602540 5.1976835e-16 -0.50000000
vn -0.86602540 5.1976835e-16 -0.50000000
vn 0.0000000e+0 -1.00000000 2.0833096e-14
vn 0.0000000e+0 -1.00000000 0.0000000e+0
vn 0.86602540 -5.0248919e-16 0.50000000
vn 0.86602540 -5.0248919e-16 0.50000000
vn 0.0000000e+0 1.00000000 0.0000000e+0
vn -1.00000000 0.0000000e+0 0.0000000e+0
vn 0.0000000e+0 -1.00000000 3.9062055e-15
vn 2.2135164e-15 4.8667311e-16 -1.00000000
vn 0.0000000e+0 -1.00000000 3.9062055e-15
vn -1.00000000 0.0000000e+0 0.0000000e+0
vn 0.0000000e+0 1.00000000 -9.1144795e-15
vn 0.0000000e+0 1.00000000 -9.1144795e-15
vn 2.2135164e-15 4.8667311e-16 -1.00000000
vn -1.00000000 0.0000000e+0 0.0000000e+0
vn 0.0000000e+0 -1.00000000 9.1144795e-15
vn -1.1718616e-15 -4.6386030e-16 1.00000000
vn 0.0000000e+0 -1.00000000 9.1144795e-15
vn -1.00000000 0.0000000e+0 0.0000000e+0
vn 0.0000000e+0 1.00000000 -3.9062055e-15
vn -1.1718616e-15 -4.6386030e-16 1.00000000
vn 0.0000000e+0 1.00000000 -3.9062055e-15
vn 0.0000000e+0 1.00000000 -1.8228959e-14
vn 2.2135164e-15 4.8667311e-16 -1.00000000
vn 2.2135164e-15 4.8667311e-16 -1.00000000
vn 0.0000000e+0 -1.00000000 7.8124110e-15
vn 0.0000000e+0 -1.00000000 1.8228959e-14
vn -1.1718616e-15 -4.6386030e-16 1.00000000
vn -1.1718616e-15 -4.6386030e-16 1.00000000
vn 0.0000000e+0 1.00000000 -7.8124110e-15
vn -0.86602540 -1.3663918e-17 0.50000000
vn 0.0000000e+0 -1.00000000 -5.5511151e-15
vn -0.50000000 5.2032575e-16 -0.86602540
vn 0.0000000e+0 -1.00000000 -5.5511151e-15
vn -0.86602540 -1.3663918e-17 0.50000000
vn 0.0000000e+0 1.00000000 0.0000000e+0
vn 0.0000000e+0 1.00000000 0.0000000e+0
vn -0.50000000 5.2032575e-16 -0.86602540
vn -0.86602540 -1.3663918e-17 0.50000000
vn 0.0000000e+0 -1.00000000 -3.4284114e-16
vn 0.50000000 -5.0666963e-16 0.86602540
vn 0.0000000e+0 -1.00000000 -3.4284114e-16
vn -0.86602540 -1.3663918e-17 0.50000000
vn 0.0000000e+0 1.00000000 5.2082740e-15
vn 0.50000000 -5.0666963e-16 0.86602540
vn 0.0000000e+0 1.00000000 5.2082740e-15
vn 0.0000000e+0 1.00000000 0.0000000e+0
vn -0.50000000 5.2032575e-16 -0.86602540
vn -0.50000000 5.2032575e-16 -0.86602540
vn 0.0000000e+0 -1.00000000 0.0000000e+0
vn 0.0000000e+0 -1.00000000 1.0416548e-14
vn 0.50000000 -5.0666963e-16 0.86602540
vn 0.50000000 -5.0666963e-16 0.86602540
vn 0.0000000e+0 1.00000000 1.0416548e-14
vn -0.96592583 -5.9408338e-19 0.25881905
vn 0.0000000e+0 -1.00000000 -1.4734891e-15
vn -0.25881905 5.1238290e-16 -0.96592583
vn 0.0000000e+0 -1.00000000 -1.4734891e-15
vn -0.96592583 -5.9408338e-19 0.25881905
vn 0.0000000e+0 1.00000000 -1.4734891e-15
vn 0.0000000e+0 1.00000000 -1.4734891e-15
