# Exported from Wings 3D 1.5.4
mtllib Streak_FuelTank_1p5_1.mtl
o Streak_FuelTank_1p5_1
#288 vertices, 240 faces
v 0.92646805 -3.70000000 -0.26118699
v 0.92646805 -5.0000000e-2 -0.26118699
v 0.93293853 -3.70000000 -0.23703885
v 0.93293853 -5.0000000e-2 -0.23703885
v 0.90720075 -5.0000000e-2 -0.23014243
v 0.90720075 -3.70000000 -0.23014243
v 0.90555503 -3.70000000 -0.24264285
v 0.90555503 -5.0000000e-2 -0.24264285
v 0.90073038 -3.70000000 -0.25429060
v 0.90073038 -5.0000000e-2 -0.25429060
v -0.83979966 -3.70000000 -0.47042505
v -0.83979966 -5.0000000e-2 -0.47042505
v -0.82729966 -3.70000000 -0.49207569
v -0.82729966 -5.0000000e-2 -0.49207569
v -0.80422380 -5.0000000e-2 -0.47875283
v -0.80422380 -3.70000000 -0.47875283
v -0.81189924 -3.70000000 -0.46875000
v -0.81189924 -5.0000000e-2 -0.46875000
v -0.81672390 -3.70000000 -0.45710225
v -0.81672390 -5.0000000e-2 -0.45710225
v -0.47042548 -3.70000000 0.83979924
v -0.47042548 -5.0000000e-2 0.83979924
v -0.49207612 -3.70000000 0.82729924
v -0.49207612 -5.0000000e-2 0.82729924
v -0.47875326 -5.0000000e-2 0.80422337
v -0.47875326 -3.70000000 0.80422337
v -0.46875043 -3.70000000 0.81189882
v -0.46875043 -5.0000000e-2 0.81189882
v -0.45710268 -3.70000000 0.81672347
v -0.45710268 -5.0000000e-2 0.81672347
v -0.93293916 -3.70000000 -0.23703967
v -0.93293916 -5.0000000e-2 -0.23703967
v -0.92646869 -3.70000000 -0.26118782
v -0.92646869 -5.0000000e-2 -0.26118782
v -0.90073090 -5.0000000e-2 -0.25429140
v -0.90073090 -3.70000000 -0.25429140
v -0.90555589 -3.70000000 -0.24264285
v -0.90555589 -5.0000000e-2 -0.24264285
v -0.90720149 -3.70000000 -0.23014328
v -0.90720149 -5.0000000e-2 -0.23014328
v -0.23704010 -3.70000000 0.93293874
v -0.23704010 -5.0000000e-2 0.93293874
v -0.26118824 -3.70000000 0.92646826
v -0.26118824 -5.0000000e-2 0.92646826
v -0.25429183 -5.0000000e-2 0.90073048
v -0.25429183 -3.70000000 0.90073048
v -0.24264328 -3.70000000 0.90555546
v -0.24264328 -5.0000000e-2 0.90555546
v -0.23014371 -3.70000000 0.90720106
v -0.23014371 -5.0000000e-2 0.90720106
v 0.49207452 -3.70000000 0.82729966
v 0.49207452 -5.0000000e-2 0.82729966
v 0.47042388 -3.70000000 0.83979966
v 0.47042388 -5.0000000e-2 0.83979966
v 0.45710103 -5.0000000e-2 0.81672380
v 0.45710103 -3.70000000 0.81672380
v 0.46874957 -3.70000000 0.81189882
v 0.46874957 -5.0000000e-2 0.81189882
v 0.47875172 -3.70000000 0.80422390
v 0.47875172 -5.0000000e-2 0.80422390
v -0.82730009 -3.70000000 0.49207495
v -0.82730009 -5.0000000e-2 0.49207495
v -0.83980009 -3.70000000 0.47042431
v -0.83980009 -5.0000000e-2 0.47042431
v -0.81672423 -5.0000000e-2 0.45710146
v -0.81672423 -3.70000000 0.45710146
v -0.81189924 -3.70000000 0.46875000
v -0.81189924 -5.0000000e-2 0.46875000
v -0.80422433 -3.70000000 0.47875215
v -0.80422433 -5.0000000e-2 0.47875215
v 0.68942838 -3.70000000 0.67175174
v 0.68942838 -5.0000000e-2 0.67175174
v 0.67175071 -3.70000000 0.68942941
v 0.67175071 -5.0000000e-2 0.68942941
v 0.65290935 -5.0000000e-2 0.67058805
v 0.65290935 -3.70000000 0.67058805
v 0.66291218 -3.70000000 0.66291261
v 0.66291218 -5.0000000e-2 0.66291261
v 0.67058710 -3.70000000 0.65291046
v 0.67058710 -5.0000000e-2 0.65291046
v -0.67175217 -3.70000000 0.68942881
v -0.67175217 -5.0000000e-2 0.68942881
v -0.68942984 -3.70000000 0.67175114
v -0.68942984 -5.0000000e-2 0.67175114
v -0.67058848 -5.0000000e-2 0.65290978
v -0.67058848 -3.70000000 0.65290978
v -0.66291303 -3.70000000 0.66291261
v -0.66291303 -5.0000000e-2 0.66291261
v -0.65291089 -3.70000000 0.67058753
v -0.65291089 -5.0000000e-2 0.67058753
v 1.2499145e-2 -3.70000000 0.96250000
v 1.2499145e-2 -5.0000000e-2 0.96250000
v -1.2500855e-2 -3.70000000 0.96250000
v -1.2500855e-2 -5.0000000e-2 0.96250000
v -1.2500855e-2 -5.0000000e-2 0.93585429
v -1.2500855e-2 -3.70000000 0.93585429
v -4.2739181e-7 -3.70000000 0.93750000
v -4.2739181e-7 -5.0000000e-2 0.93750000
v 1.2499145e-2 -3.70000000 0.93585440
v 1.2499145e-2 -5.0000000e-2 0.93585440
v -0.96250043 -3.70000000 1.2499573e-2
v -0.96250043 -5.0000000e-2 1.2499573e-2
v -0.96250043 -3.70000000 -1.2500427e-2
v -0.96250043 -5.0000000e-2 -1.2500427e-2
v -0.93585471 -5.0000000e-2 -1.2500427e-2
v -0.93585471 -3.70000000 -1.2500427e-2
v -0.93750043 -3.70000000 2.5239830e-15
v -0.93750043 -5.0000000e-2 8.9102220e-16
v -0.93585483 -3.70000000 1.2499573e-2
v -0.93585483 -5.0000000e-2 1.2499573e-2
v 0.26118656 -3.70000000 0.92646848
v 0.26118656 -5.0000000e-2 0.92646848
v 0.23703842 -3.70000000 0.93293896
v 0.23703842 -5.0000000e-2 0.93293896
v 0.23014200 -5.0000000e-2 0.90720117
v 0.23014200 -3.70000000 0.90720117
v 0.24264243 -3.70000000 0.90555546
v 0.24264243 -5.0000000e-2 0.90555546
v 0.25429017 -3.70000000 0.90073081
v 0.25429017 -5.0000000e-2 0.90073081
v -0.92646891 -3.70000000 0.26118699
v -0.92646891 -5.0000000e-2 0.26118699
v -0.93293938 -3.70000000 0.23703885
v -0.93293938 -5.0000000e-2 0.23703885
v -0.90720160 -5.0000000e-2 0.23014243
v -0.90720160 -3.70000000 0.23014243
v -0.90555589 -3.70000000 0.24264285
v -0.90555589 -5.0000000e-2 0.24264285
v -0.90073123 -3.70000000 0.25429060
v -0.90073123 -5.0000000e-2 0.25429060
v 0.93749957 0.0000000e+0 -2.0961242e-18
v 0.90555503 0.0000000e+0 0.24264285
v 0.81189839 0.0000000e+0 0.46875000
v 0.66291218 0.0000000e+0 0.66291261
v 0.46874957 0.0000000e+0 0.81189882
v 0.24264243 0.0000000e+0 0.90555546
v -4.2739181e-7 0.0000000e+0 0.93750000
v -0.24264328 0.0000000e+0 0.90555546
v -0.46875043 0.0000000e+0 0.81189882
v -0.66291303 0.0000000e+0 0.66291261
v -0.81189924 0.0000000e+0 0.46875000
v -0.90555589 0.0000000e+0 0.24264285
v -0.93750043 0.0000000e+0 1.1271451e-16
v -0.90555589 0.0000000e+0 -0.24264285
v -0.81189924 0.0000000e+0 -0.46875000
v -0.66291303 0.0000000e+0 -0.66291261
v -0.46875043 0.0000000e+0 -0.81189882
v -0.24264328 0.0000000e+0 -0.90555546
v -4.2739181e-7 0.0000000e+0 -0.93750000
v 0.24264243 0.0000000e+0 -0.90555546
v 0.46874957 0.0000000e+0 -0.81189882
v 0.66291218 0.0000000e+0 -0.66291261
v 0.81189839 0.0000000e+0 -0.46875000
v 0.90555503 0.0000000e+0 -0.24264285
v 0.93749957 -3.75000000 -2.0961242e-18
v 0.90555503 -3.75000000 0.24264285
v 0.81189839 -3.75000000 0.46875000
v 0.66291218 -3.75000000 0.66291261
v 0.46874957 -3.75000000 0.81189882
v 0.24264243 -3.75000000 0.90555546
v -4.2739181e-7 -3.75000000 0.93750000
v -0.24264328 -3.75000000 0.90555546
v -0.46875043 -3.75000000 0.81189882
v -0.66291303 -3.75000000 0.66291261
v -0.81189924 -3.75000000 0.46875000
v -0.90555589 -3.75000000 0.24264285
v -0.93750043 -3.75000000 1.1271451e-16
v -0.90555589 -3.75000000 -0.24264285
v -0.81189924 -3.75000000 -0.46875000
v -0.66291303 -3.75000000 -0.66291261
v -0.46875043 -3.75000000 -0.81189882
v -0.24264328 -3.75000000 -0.90555546
v -4.2739181e-7 -3.75000000 -0.93750000
v 0.24264243 -3.75000000 -0.90555546
v 0.46874957 -3.75000000 -0.81189882
v 0.66291218 -3.75000000 -0.66291261
v 0.81189839 -3.75000000 -0.46875000
v 0.90555503 -3.75000000 -0.24264285
v 0.83979881 -3.70000000 0.47042505
v 0.83979881 -5.0000000e-2 0.47042505
v 0.82729881 -3.70000000 0.49207569
v 0.82729881 -5.0000000e-2 0.49207569
v 0.80422295 -5.0000000e-2 0.47875283
v 0.80422295 -3.70000000 0.47875283
v 0.81189839 -3.70000000 0.46875000
v 0.81189839 -5.0000000e-2 0.46875000
v 0.81672304 -3.70000000 0.45710225
v 0.81672304 -5.0000000e-2 0.45710225
v 0.47042463 -3.70000000 -0.83979924
v 0.47042463 -5.0000000e-2 -0.83979924
v 0.49207526 -3.70000000 -0.82729924
v 0.49207526 -5.0000000e-2 -0.82729924
v 0.47875240 -5.0000000e-2 -0.80422337
v 0.47875240 -3.70000000 -0.80422337
v 0.46874957 -3.70000000 -0.81189882
v 0.46874957 -5.0000000e-2 -0.81189882
v 0.45710183 -3.70000000 -0.81672347
v 0.45710183 -5.0000000e-2 -0.81672347
v 0.93293831 -3.70000000 0.23703967
v 0.93293831 -5.0000000e-2 0.23703967
v 0.92646783 -3.70000000 0.26118782
v 0.92646783 -5.0000000e-2 0.26118782
v 0.90073005 -5.0000000e-2 0.25429140
v 0.90073005 -3.70000000 0.25429140
v 0.90555503 -3.70000000 0.24264285
v 0.90555503 -5.0000000e-2 0.24264285
v 0.90720063 -3.70000000 0.23014328
v 0.90720063 -5.0000000e-2 0.23014328
v 0.23703924 -3.70000000 -0.93293874
v 0.23703924 -5.0000000e-2 -0.93293874
v 0.26118739 -3.70000000 -0.92646826
v 0.26118739 -5.0000000e-2 -0.92646826
v 0.25429097 -5.0000000e-2 -0.90073048
v 0.25429097 -3.70000000 -0.90073048
v 0.24264243 -3.70000000 -0.90555546
v 0.24264243 -5.0000000e-2 -0.90555546
v 0.23014285 -3.70000000 -0.90720106
v 0.23014285 -5.0000000e-2 -0.90720106
v -0.49207537 -3.70000000 -0.82729966
v -0.49207537 -5.0000000e-2 -0.82729966
v -0.47042474 -3.70000000 -0.83979966
v -0.47042474 -5.0000000e-2 -0.83979966
v -0.45710188 -5.0000000e-2 -0.81672380
v -0.45710188 -3.70000000 -0.81672380
v -0.46875043 -3.70000000 -0.81189882
v -0.46875043 -5.0000000e-2 -0.81189882
v -0.47875257 -3.70000000 -0.80422390
v -0.47875257 -5.0000000e-2 -0.80422390
v 0.82729924 -3.70000000 -0.49207495
v 0.82729924 -5.0000000e-2 -0.49207495
v 0.83979924 -3.70000000 -0.47042431
v 0.83979924 -5.0000000e-2 -0.47042431
v 0.81672337 -5.0000000e-2 -0.45710146
v 0.81672337 -3.70000000 -0.45710146
v 0.81189839 -3.70000000 -0.46875000
v 0.81189839 -5.0000000e-2 -0.46875000
v 0.80422347 -3.70000000 -0.47875215
v 0.80422347 -5.0000000e-2 -0.47875215
v -0.68942924 -3.70000000 -0.67175174
v -0.68942924 -5.0000000e-2 -0.67175174
v -0.67175157 -3.70000000 -0.68942941
v -0.67175157 -5.0000000e-2 -0.68942941
v -0.65291020 -5.0000000e-2 -0.67058805
v -0.65291020 -3.70000000 -0.67058805
v -0.66291303 -3.70000000 -0.66291261
v -0.66291303 -5.0000000e-2 -0.66291261
v -0.67058795 -3.70000000 -0.65291046
v -0.67058795 -5.0000000e-2 -0.65291046
v 0.67175132 -3.70000000 -0.68942881
v 0.67175132 -5.0000000e-2 -0.68942881
v 0.68942899 -3.70000000 -0.67175114
v 0.68942899 -5.0000000e-2 -0.67175114
v 0.67058762 -5.0000000e-2 -0.65290978
v 0.67058762 -3.70000000 -0.65290978
v 0.66291218 -3.70000000 -0.66291261
v 0.66291218 -5.0000000e-2 -0.66291261
v 0.65291003 -3.70000000 -0.67058753
v 0.65291003 -5.0000000e-2 -0.67058753
v -1.2500000e-2 -3.70000000 -0.96250000
v -1.2500000e-2 -5.0000000e-2 -0.96250000
v 1.2500000e-2 -3.70000000 -0.96250000
v 1.2500000e-2 -5.0000000e-2 -0.96250000
v 1.2500000e-2 -5.0000000e-2 -0.93585429
v 1.2500000e-2 -3.70000000 -0.93585429
v -4.2739181e-7 -3.70000000 -0.93750000
v -4.2739181e-7 -5.0000000e-2 -0.93750000
v -1.2500000e-2 -3.70000000 -0.93585440
v -1.2500000e-2 -5.0000000e-2 -0.93585440
v 0.96249957 -3.70000000 -1.2499573e-2
v 0.96249957 -5.0000000e-2 -1.2499573e-2
v 0.96249957 -3.70000000 1.2500427e-2
v 0.96249957 -5.0000000e-2 1.2500427e-2
v 0.93585386 -5.0000000e-2 1.2500427e-2
v 0.93585386 -3.70000000 1.2500427e-2
v 0.93749957 -3.70000000 -2.3599366e-15
v 0.93749957 -5.0000000e-2 -1.1723288e-15
v 0.93585397 -3.70000000 -1.2499573e-2
v 0.93585397 -5.0000000e-2 -1.2499573e-2
v -0.26118742 -3.70000000 -0.92646848
v -0.26118742 -5.0000000e-2 -0.92646848
v -0.23703927 -3.70000000 -0.93293896
v -0.23703927 -5.0000000e-2 -0.93293896
v -0.23014285 -5.0000000e-2 -0.90720117
v -0.23014285 -3.70000000 -0.90720117
v -0.24264328 -3.70000000 -0.90555546
v -0.24264328 -5.0000000e-2 -0.90555546
v -0.25429103 -3.70000000 -0.90073081
v -0.25429103 -5.0000000e-2 -0.90073081
vt 9.3750000e-3 0.62423986
vt 9.3750000e-3 0.98950312
vt 3.3187211e-2 0.62423986
vt 3.3187211e-2 0.98950312
vt 5.6999421e-2 0.98950312
vt 5.6999421e-2 0.62423986
vt 8.0811632e-2 0.62423986
vt 8.0811632e-2 0.98950312
vt 0.10462384 0.98950312
vt 0.10462384 0.62423986
vt 0.12843605 0.62423986
vt 0.12843605 0.98950312
vt 0.15224500 0.98950312
vt 0.15224500 0.62423986
vt 0.15224826 0.62423986
vt 0.15224826 0.98950312
vt 0.17605721 0.98950312
vt 0.17605721 0.62423986
vt 0.19986942 0.98950312
vt 0.19986942 0.62423986
vt 0.22368163 0.98950312
vt 0.22368163 0.62423986
vt 0.24749384 0.98950312
vt 0.24749384 0.62423986
vt 0.27130605 0.98950312
vt 0.27130605 0.62423986
vt 0.29511500 0.62423986
vt 0.29511500 0.98950312
vt 0.29511826 0.98950312
vt 0.29511826 0.62423986
vt 0.31892721 0.62423986
vt 0.31892721 0.98950312
vt 0.34273942 0.62423986
vt 0.34273942 0.98950312
vt 0.36655163 0.62423986
vt 0.36655163 0.98950312
vt 0.39036384 0.62423986
vt 0.39036384 0.98950312
vt 0.41417605 0.62423986
vt 0.41417605 0.98950312
vt 0.43798500 0.98950312
vt 0.43798500 0.62423986
vt 0.43798826 0.62423986
vt 0.43798826 0.98950312
vt 0.46179721 0.98950312
vt 0.46179721 0.62423986
vt 0.48560942 0.98950312
vt 0.48560942 0.62423986
vt 0.50942163 0.98950312
vt 0.50942163 0.62423986
vt 0.53323384 0.98950312
vt 0.53323384 0.62423986
vt 0.55704605 0.98950312
vt 0.55704605 0.62423986
vt 0.58085826 0.98950312
vt 0.58085826 0.62423986
vt 0.59024965 0.62923519
vt 0.59024965 0.98437033
vt 0.59284218 0.98437033
vt 0.59284218 0.98696439
vt 0.59284218 0.62922304
vt 0.59284218 0.62663048
vt 0.59284218 0.98437184
vt 0.59284218 0.62923519
vt 0.59284220 0.62923519
vt 0.59284220 0.98437033
vt 0.59405843 0.98680427
vt 0.59405843 0.62679060
vt 0.59527317 0.98437033
vt 0.59527317 0.62923519
vt 0.59527461 0.98437033
vt 0.59527461 0.98696438
vt 0.59527461 0.62922304
vt 0.59527461 0.62663049
vt 0.59527461 0.62923519
vt 0.59527461 0.98437184
vt 0.59786571 0.98437033
vt 0.59786571 0.62923519
vt 0.60264089 0.62923519
vt 0.60264089 0.98437033
vt 0.60523341 0.62923519
vt 0.60523341 0.98437033
vt 0.60523344 0.62923519
vt 0.60523344 0.98437033
vt 0.60529951 0.62922304
vt 0.60529951 0.98437184
vt 0.60529951 0.98696439
vt 0.60529951 0.62663048
vt 0.60651577 0.62679060
vt 0.60651577 0.98680427
vt 0.60766441 0.98437033
vt 0.60766441 0.62923519
vt 0.60766585 0.62923519
vt 0.60766585 0.98437033
vt 0.60773195 0.62922304
vt 0.60773195 0.62663049
vt 0.60773195 0.98437184
vt 0.60773195 0.98696438
vt 0.61025695 0.98437033
vt 0.61025695 0.62923519
vt 0.61534307 0.62923519
vt 0.61534307 0.98437033
vt 0.61768497 0.62663048
vt 0.61768497 0.62922304
vt 0.61768497 0.98437184
vt 0.61768497 0.98696439
vt 0.61793559 0.62923519
vt 0.61793559 0.98437033
vt 0.61793562 0.62923519
vt 0.61793562 0.98437033
vt 0.61890123 0.98680427
vt 0.61890123 0.62679060
vt 0.62011740 0.62663049
vt 0.62011740 0.62922304
vt 0.62011740 0.98437184
vt 0.62011740 0.98696438
vt 0.62036659 0.98437033
vt 0.62036659 0.62923519
vt 0.62036803 0.62923519
vt 0.62036803 0.98437033
vt 0.62295913 0.98437033
vt 0.62295913 0.62923519
vt 0.62751887 0.62923519
vt 0.62751887 0.98437033
vt 0.63007284 0.98696439
vt 0.63007284 0.62922304
vt 0.63007284 0.98437184
vt 0.63007284 0.62663048
vt 0.63011139 0.98437033
vt 0.63011139 0.62923519
vt 0.63011142 0.62923519
vt 0.63011142 0.98437033
vt 0.63128909 0.98680427
vt 0.63128909 0.62679060
vt 0.63250527 0.98696438
vt 0.63250527 0.62663049
vt 0.63250527 0.62922304
vt 0.63250527 0.98437184
vt 0.63254239 0.98437033
vt 0.63254239 0.62923519
vt 0.63254383 0.98437033
vt 0.63254383 0.62923519
vt 0.63513493 0.98437033
vt 0.63513493 0.62923519
vt 0.63974710 0.62923519
vt 0.63974710 0.98437033
vt 0.64233963 0.98696439
vt 0.64233963 0.62922304
vt 0.64233963 0.62923519
vt 0.64233963 0.98437033
vt 0.64233963 0.98437184
vt 0.64233963 0.62663048
vt 0.64233966 0.62923519
vt 0.64233966 0.98437033
vt 0.64355589 0.98680427
vt 0.64355589 0.62679060
vt 0.64477062 0.62923519
vt 0.64477062 0.98437033
vt 0.64477206 0.98437033
vt 0.64477206 0.62922304
vt 0.64477206 0.98696438
vt 0.64477206 0.62663049
vt 0.64477206 0.62923519
vt 0.64477206 0.98437184
vt 0.64736317 0.62923519
vt 0.64736317 0.98437033
vt 0.65246133 0.62923519
vt 0.65246133 0.98437033
vt 0.65491615 0.62663048
vt 0.65491615 0.98696439
vt 0.65491615 0.62922304
vt 0.65491615 0.98437184
vt 0.65505386 0.62923519
vt 0.65505386 0.98437033
vt 0.65505388 0.62923519
vt 0.65505388 0.98437033
vt 0.65613241 0.98680427
vt 0.65613241 0.62679060
vt 0.65734858 0.62663049
vt 0.65734858 0.98696438
vt 0.65734858 0.62922304
vt 0.65734858 0.98437184
vt 0.65748485 0.98437033
vt 0.65748485 0.62923519
vt 0.65748629 0.62923519
vt 0.65748629 0.98437033
vt 0.66007739 0.98437033
vt 0.66007739 0.62923519
vt 0.66466721 0.62923519
vt 0.66466721 0.98437033
vt 0.66714406 0.62922304
vt 0.66714406 0.98437184
vt 0.66714406 0.98696439
vt 0.66714406 0.62663048
vt 0.66725973 0.62923519
vt 0.66725973 0.98437033
vt 0.66725976 0.62923519
vt 0.66725976 0.98437033
vt 0.66836032 0.98680427
vt 0.66836032 0.62679060
vt 0.66957649 0.62922304
vt 0.66957649 0.98437184
vt 0.66957649 0.98696438
vt 0.66957649 0.62663049
vt 0.66969073 0.98437033
vt 0.66969073 0.62923519
vt 0.66969216 0.62923519
vt 0.66969216 0.98437033
vt 0.67228327 0.98437033
vt 0.67228327 0.62923519
vt 0.67687363 0.62923519
vt 0.67687363 0.98437033
vt 0.67946615 0.62923519
vt 0.67946615 0.98437033
vt 0.67946618 0.62923519
vt 0.67946618 0.98437033
vt 0.67962589 0.98696439
vt 0.67962589 0.62663048
vt 0.67962589 0.98437184
vt 0.67962589 0.62922304
vt 0.68084215 0.62679060
vt 0.68084215 0.98680427
vt 0.68189715 0.98437033
vt 0.68189715 0.62923519
vt 0.68189858 0.62923519
vt 0.68189858 0.98437033
vt 0.68205832 0.62663049
vt 0.68205832 0.98696438
vt 0.68205832 0.62922304
vt 0.68205832 0.98437184
vt 0.68448969 0.98437033
vt 0.68448969 0.62923519
vt 0.68911249 0.62923519
vt 0.68911249 0.98437033
vt 0.69170502 0.62923519
vt 0.69170502 0.98437033
vt 0.69170505 0.62923519
vt 0.69170505 0.98437033
vt 0.69190332 0.62663048
vt 0.69190332 0.62922304
vt 0.69190332 0.98437184
vt 0.69190332 0.98696439
vt 0.69311958 0.98680427
vt 0.69311958 0.62679060
vt 0.69413601 0.98437033
vt 0.69413601 0.62923519
vt 0.69413745 0.62923519
vt 0.69413745 0.98437033
vt 0.69433575 0.62663049
vt 0.69433575 0.62922304
vt 0.69433575 0.98437184
vt 0.69433575 0.98696438
vt 0.69672856 0.98437033
vt 0.69672856 0.62923519
vt 0.70182791 0.62923519
vt 0.70182791 0.98437033
vt 0.70423315 0.62663048
vt 0.70423315 0.98696439
vt 0.70423315 0.62922304
vt 0.70423315 0.98437184
vt 0.70442044 0.62923519
vt 0.70442044 0.98437033
vt 0.70442046 0.62923519
vt 0.70442046 0.98437033
vt 0.70544941 0.62679060
vt 0.70544941 0.98680427
vt 0.70666559 0.98696438
vt 0.70666559 0.62663049
vt 0.70666559 0.98437184
vt 0.70666559 0.62922304
vt 0.70685143 0.98437033
vt 0.70685143 0.62923519
vt 0.70685287 0.62923519
vt 0.70685287 0.98437033
vt 0.70944397 0.98437033
vt 0.70944397 0.62923519
vt 0.71399502 0.62922418
vt 0.71399502 0.98435931
vt 0.71649941 0.62663048
vt 0.71649941 0.98437184
vt 0.71649941 0.98696439
vt 0.71649941 0.62922304
vt 0.71658754 0.62922418
vt 0.71658754 0.98435931
vt 0.71658757 0.62922418
vt 0.71658757 0.98435931
vt 0.71771567 0.62679060
vt 0.71771567 0.98680427
vt 0.71893184 0.62663049
vt 0.71893184 0.98696438
vt 0.71893184 0.98437184
vt 0.71893184 0.62922304
vt 0.71901854 0.62922418
vt 0.71901854 0.98435931
vt 0.71901998 0.62922418
vt 0.71901998 0.98435931
vt 0.72161108 0.62922418
vt 0.72161108 0.98435931
vt 0.72608619 0.62923519
vt 0.72608619 0.98437033
vt 0.72867872 0.62923519
vt 0.72867872 0.98437033
vt 0.72867875 0.62923519
vt 0.72867875 0.98437033
vt 0.72882744 0.62663048
vt 0.72882744 0.98437184
vt 0.72882744 0.98696439
vt 0.72882744 0.62922304
vt 0.73004370 0.62679060
vt 0.73004370 0.98680427
vt 0.73110971 0.98437033
vt 0.73110971 0.62923519
vt 0.73111115 0.62923519
vt 0.73111115 0.98437033
vt 0.73125987 0.98437184
vt 0.73125987 0.98696438
vt 0.73125987 0.62663049
vt 0.73125987 0.62922304
vt 0.73370226 0.98437033
vt 0.73370226 0.62923519
vn 0.0000000e+0 -1.00000000 1.0416170e-14
vn 4.0073000e-16 1.00000000 6.8531403e-16
vn 0.0000000e+0 -1.00000000 -3.4265209e-14
vn -5.2420863e-16 1.00000000 -4.4115354e-16
vn 0.0000000e+0 -1.00000000 1.3888226e-14
vn -4.8073909e-16 1.00000000 -6.5102637e-16
vn 0.0000000e+0 -1.00000000 -3.7007434e-15
vn -6.1574405e-16 1.00000000 -8.7161890e-16
vn 0.0000000e+0 -1.00000000 -6.9436090e-15
vn -6.0507460e-16 1.00000000 -1.0850965e-16
vn 0.0000000e+0 -1.00000000 1.2974488e-14
vn -1.3306390e-16 1.00000000 -2.3129646e-16
vn 0.0000000e+0 -1.00000000 -1.4345600e-14
vn -4.4476147e-16 1.00000000 -4.9540442e-16
vn 0.0000000e+0 -1.00000000 -1.3888226e-14
vn 6.1384425e-17 1.00000000 -3.3265177e-16
vn 0.0000000e+0 -1.00000000 -6.9441132e-15
vn -6.4207733e-16 1.00000000 -6.5817283e-16
vn 0.0000000e+0 -1.00000000 -1.5971612e-14
vn -4.8264804e-23 1.00000000 -1.3021158e-16
vn 0.0000000e+0 -1.00000000 -1.7360283e-14
vn -2.6612455e-16 1.00000000 -6.9242898e-16
vn 0.0000000e+0 -1.00000000 6.9446174e-15
vn 0.0000000e+0 1.00000000 -1.0850965e-16
vn 0.0000000e+0 -1.00000000 -1.0416170e-14
vn -2.9910185e-16 1.00000000 -1.0957689e-15
vn 0.0000000e+0 -1.00000000 3.4265209e-14
vn 4.6094678e-16 1.00000000 1.0850177e-16
vn 0.0000000e+0 -1.00000000 -1.3888226e-14
vn 6.1380291e-16 1.00000000 4.3400708e-16
vn 0.0000000e+0 -1.00000000 3.7007434e-15
vn 5.1411930e-16 1.00000000 2.7482765e-16
vn 0.0000000e+0 -1.00000000 -6.9446174e-15
vn 6.0507460e-16 1.00000000 3.2551319e-16
vn 0.0000000e+0 -1.00000000 -1.2974488e-14
vn 0.0000000e+0 1.00000000 2.0272637e-16
vn 0.0000000e+0 -1.00000000 1.4345600e-14
vn 5.0802636e-16 1.00000000 2.3129646e-16
vn 0.0000000e+0 -1.00000000 1.3888226e-14
vn 0.0000000e+0 1.00000000 0.0000000e+0
vn 0.0000000e+0 -1.00000000 6.9441132e-15
vn 5.8070156e-16 1.00000000 2.1700354e-16
vn 0.0000000e+0 -1.00000000 0.0000000e+0
vn 0.0000000e+0 1.00000000 0.0000000e+0
vn 0.0000000e+0 -1.00000000 1.7360283e-14
vn 2.6612455e-16 1.00000000 6.9242898e-16
vn 0.0000000e+0 -1.00000000 6.9446174e-15
vn 0.0000000e+0 1.00000000 1.0850965e-16
vn 0.0000000e+0 -1.00000000 0.0000000e+0
vn 0.96592583 -3.2303284e-16 -0.25881905
vn -0.25881905 3.2273084e-16 -0.96592583
vn 0.0000000e+0 -1.00000000 0.0000000e+0
vn 3.9905417e-16 1.00000000 8.2453023e-16
vn 0.96592583 -3.2303284e-16 -0.25881905
vn -0.25881905 3.2273084e-16 -0.96592583
vn 3.9905417e-16 1.00000000 8.2453023e-16
vn 0.0000000e+0 -1.00000000 1.5624255e-14
vn 0.96592583 -3.2303284e-16 -0.25881905
vn 0.25881905 -3.2635252e-16 0.96592583
vn 0.0000000e+0 -1.00000000 1.5624255e-14
vn 0.96592583 -3.2303284e-16 -0.25881905
vn 0.25881905 -3.2635252e-16 0.96592583
vn 4.0792210e-16 1.00000000 3.7691316e-16
vn 4.0792210e-16 1.00000000 3.7691316e-16
vn 0.25881905 -3.2635252e-16 0.96592583
vn 4.0408167e-16 1.00000000 4.0688163e-16
vn 0.25881905 -3.2635252e-16 0.96592583
vn 0.0000000e+0 -1.00000000 3.1248509e-14
vn -0.25881905 3.2273084e-16 -0.96592583
vn 0.0000000e+0 -1.00000000 0.0000000e+0
vn 3.8634579e-16 1.00000000 1.3021158e-15
vn -0.25881905 3.2273084e-16 -0.96592583
vn 0.0000000e+0 -1.00000000 -3.0565474e-14
vn -0.86602540 -7.3636635e-16 -0.50000000
vn -0.50000000 1.0618346e-16 0.86602540
vn 0.0000000e+0 -1.00000000 -3.0565474e-14
vn -4.7373937e-16 1.00000000 -1.7347235e-16
vn -0.86602540 -7.3636635e-16 -0.50000000
vn -0.50000000 1.0618346e-16 0.86602540
vn -4.7373937e-16 1.00000000 -1.7347235e-16
vn 0.0000000e+0 -1.00000000 -9.7301094e-15
vn -0.86602540 -7.3636635e-16 -0.50000000
vn 0.50000000 -9.2805628e-17 -0.86602540
vn 0.0000000e+0 -1.00000000 -9.7301094e-15
vn -0.86602540 -7.3636635e-16 -0.50000000
vn 0.50000000 -9.2805628e-17 -0.86602540
vn -5.4364550e-16 1.00000000 -6.6173031e-16
vn -5.4364550e-16 1.00000000 -6.6173031e-16
vn 0.50000000 -9.2805628e-17 -0.86602540
vn -6.2514715e-16 1.00000000 -9.7651592e-16
vn 0.50000000 -9.2805628e-17 -0.86602540
vn 0.0000000e+0 -1.00000000 -4.1664679e-14
vn -0.50000000 1.0618346e-16 0.86602540
vn 0.0000000e+0 -1.00000000 -8.3335409e-14
vn -4.8533490e-16 1.00000000 0.0000000e+0
vn -0.50000000 1.0618346e-16 0.86602540
vn 0.0000000e+0 -1.00000000 0.0000000e+0
vn -0.50000000 -2.2812802e-16 0.86602540
vn 0.86602540 3.9519200e-16 0.50000000
vn 0.0000000e+0 -1.00000000 0.0000000e+0
vn -4.8074652e-16 1.00000000 -3.2552894e-16
vn -0.50000000 -2.2812802e-16 0.86602540
vn 0.86602540 3.9519200e-16 0.50000000
vn -4.8074652e-16 1.00000000 -3.2552894e-16
vn 0.0000000e+0 -1.00000000 2.0832340e-14
vn -0.50000000 -2.2812802e-16 0.86602540
vn -0.86602540 -3.8738686e-16 -0.50000000
vn 0.0000000e+0 -1.00000000 2.0832340e-14
vn -0.50000000 -2.2812802e-16 0.86602540
vn -0.86602540 -3.8738686e-16 -0.50000000
vn -4.8073008e-16 1.00000000 -6.5101061e-16
vn -4.8073008e-16 1.00000000 -6.5101061e-16
vn -0.86602540 -3.8738686e-16 -0.50000000
vn -4.8072423e-16 1.00000000 -1.3020212e-15
vn -0.86602540 -3.8738686e-16 -0.50000000
vn 0.0000000e+0 -1.00000000 4.1664679e-14
vn 0.86602540 3.9519200e-16 0.50000000
vn 0.0000000e+0 -1.00000000 0.0000000e+0
vn -4.8075711e-16 1.00000000 -6.5105788e-16
vn 0.86602540 3.9519200e-16 0.50000000
vn 0.0000000e+0 -1.00000000 -5.5511151e-15
vn -0.96592583 -6.9567164e-16 -0.25881905
vn -0.25881905 1.1719199e-16 0.96592583
vn 0.0000000e+0 -1.00000000 -5.5511151e-15
vn -5.5961644e-16 1.00000000 -7.3779406e-16
vn -0.96592583 -6.9567164e-16 -0.25881905
vn -0.25881905 1.1719199e-16 0.96592583
vn -5.5961644e-16 1.00000000 -7.3779406e-16
vn 0.0000000e+0 -1.00000000 -5.5511151e-15
vn -0.96592583 -6.9567164e-16 -0.25881905
vn 0.25881905 -1.2165062e-16 -0.96592583
vn 0.0000000e+0 -1.00000000 -5.5511151e-15
vn -0.96592583 -6.9567164e-16 -0.25881905
vn 0.25881905 -1.2165062e-16 -0.96592583
vn -6.6320183e-16 1.00000000 -6.5637046e-16
vn -6.6320183e-16 1.00000000 -6.5637046e-16
vn 0.25881905 -1.2165062e-16 -0.96592583
vn -7.2799927e-16 1.00000000 -1.1392686e-15
vn 0.25881905 -1.2165062e-16 -0.96592583
vn 0.0000000e+0 -1.00000000 0.0000000e+0
vn -0.25881905 1.1719199e-16 0.96592583
vn 0.0000000e+0 -1.00000000 0.0000000e+0
vn -5.2082850e-16 1.00000000 -1.3021158e-15
vn -0.25881905 1.1719199e-16 0.96592583
vn 0.0000000e+0 -1.00000000 1.0416926e-14
vn -0.25881905 -1.9040372e-16 0.96592583
vn 0.96592583 3.6913385e-16 0.25881905
vn 0.0000000e+0 -1.00000000 1.0416926e-14
vn -5.8926494e-16 1.00000000 -1.6276447e-16
vn -0.25881905 -1.9040372e-16 0.96592583
vn 0.96592583 3.6913385e-16 0.25881905
vn -5.8926494e-16 1.00000000 -1.6276447e-16
vn 0.0000000e+0 -1.00000000 -2.0832340e-14
vn -0.25881905 -1.9040372e-16 0.96592583
vn -0.96592583 -3.5436143e-16 -0.25881905
vn 0.0000000e+0 -1.00000000 -2.0832340e-14
vn -0.25881905 -1.9040372e-16 0.96592583
vn -0.96592583 -3.5436143e-16 -0.25881905
vn -6.2236237e-16 1.00000000 0.0000000e+0
vn -6.2236237e-16 1.00000000 0.0000000e+0
vn -0.96592583 -3.5436143e-16 -0.25881905
vn -6.3669394e-16 1.00000000 0.0000000e+0
vn -0.96592583 -3.5436143e-16 -0.25881905
vn 0.0000000e+0 -1.00000000 -4.1664679e-14
vn 0.96592583 3.6913385e-16 0.25881905
vn 0.0000000e+0 -1.00000000 2.0833852e-14
vn -5.7049907e-16 1.00000000 -3.2552894e-16
vn 0.96592583 3.6913385e-16 0.25881905
vn 0.0000000e+0 -1.00000000 -1.3706082e-15
vn 0.50000000 1.0544980e-16 0.86602540
vn 0.86602540 -6.1034590e-17 -0.50000000
vn 0.0000000e+0 -1.00000000 -1.3706082e-15
vn -1.4933799e-16 1.00000000 -3.4694470e-16
vn 0.50000000 1.0544980e-16 0.86602540
vn 0.86602540 -6.1034590e-17 -0.50000000
vn -1.4933799e-16 1.00000000 -3.4694470e-16
vn 0.0000000e+0 -1.00000000 -1.3721208e-15
vn 0.50000000 1.0544980e-16 0.86602540
vn -0.86602540 6.1034332e-17 0.50000000
vn 0.0000000e+0 -1.00000000 -1.3721208e-15
vn 0.50000000 1.0544980e-16 0.86602540
vn -0.86602540 6.1034332e-17 0.50000000
vn -1.1964680e-16 1.00000000 -3.4694470e-16
vn -1.1964680e-16 1.00000000 -3.4694470e-16
vn -0.86602540 6.1034332e-17 0.50000000
vn -1.0051572e-16 1.00000000 0.0000000e+0
vn -0.86602540 6.1034332e-17 0.50000000
vn 0.0000000e+0 -1.00000000 4.1664679e-14
vn 0.86602540 -6.1034590e-17 -0.50000000
vn 0.0000000e+0 -1.00000000 4.1667705e-14
vn -1.5989810e-16 1.00000000 0.0000000e+0
vn 0.86602540 -6.1034590e-17 -0.50000000
vn 0.0000000e+0 -1.00000000 -1.1102230e-14
vn -0.86602540 -2.9050677e-16 0.50000000
vn 0.50000000 4.3894739e-16 0.86602540
vn 0.0000000e+0 -1.00000000 -1.1102230e-14
vn -4.0703586e-16 1.00000000 -1.7347235e-16
vn -0.86602540 -2.9050677e-16 0.50000000
vn 0.50000000 4.3894739e-16 0.86602540
vn -4.0703586e-16 1.00000000 -1.7347235e-16
vn 0.0000000e+0 -1.00000000 -2.1518400e-14
vn -0.86602540 -2.9050677e-16 0.50000000
vn -0.50000000 -4.3337163e-16 -0.86602540
vn 0.0000000e+0 -1.00000000 -2.1518400e-14
vn -0.86602540 -2.9050677e-16 0.50000000
vn -0.50000000 -4.3337163e-16 -0.86602540
vn -5.2835958e-16 1.00000000 -7.4310664e-16
vn -5.2835958e-16 1.00000000 -7.4310664e-16
vn -0.50000000 -4.3337163e-16 -0.86602540
vn -5.2021269e-16 1.00000000 -1.1392686e-15
vn -0.50000000 -4.3337163e-16 -0.86602540
vn 0.0000000e+0 -1.00000000 -2.0832340e-14
vn 0.50000000 4.3894739e-16 0.86602540
vn 0.0000000e+0 -1.00000000 0.0000000e+0
vn -2.7756525e-16 1.00000000 0.0000000e+0
vn 0.50000000 4.3894739e-16 0.86602540
vn 0.0000000e+0 -1.00000000 0.0000000e+0
vn 0.70710678 8.6142090e-17 0.70710678
vn 0.70710678 -8.6117298e-17 -0.70710678
vn 0.0000000e+0 -1.00000000 0.0000000e+0
vn 9.2076637e-17 1.00000000 -1.7347235e-16
vn 0.70710678 8.6142090e-17 0.70710678
vn 0.70710678 -8.6117298e-17 -0.70710678
vn 9.2076637e-17 1.00000000 -1.7347235e-16
vn 0.0000000e+0 -1.00000000 -2.0832340e-14
vn 0.70710678 8.6142090e-17 0.70710678
vn -0.70710678 8.5838238e-17 0.70710678
vn 0.0000000e+0 -1.00000000 -2.0832340e-14
vn 0.70710678 8.6142090e-17 0.70710678
vn -0.70710678 8.5838238e-17 0.70710678
vn 0.0000000e+0 1.00000000 -4.9897765e-16
vn 0.0000000e+0 1.00000000 -4.9897765e-16
vn -0.70710678 8.5838238e-17 0.70710678
vn 0.0000000e+0 1.00000000 -6.5101061e-16
vn -0.70710678 8.5838238e-17 0.70710678
vn 0.0000000e+0 -1.00000000 -4.1664679e-14
vn 0.70710678 -8.6117298e-17 -0.70710678
vn 0.0000000e+0 -1.00000000 0.0000000e+0
vn 1.8415327e-16 1.00000000 0.0000000e+0
vn 0.70710678 -8.6117298e-17 -0.70710678
vn 0.0000000e+0 -1.00000000 0.0000000e+0
vn -0.70710678 -2.3674223e-16 0.70710678
vn 0.70710678 4.1943862e-16 0.70710678
vn 0.0000000e+0 -1.00000000 0.0000000e+0
vn -5.7060630e-16 1.00000000 -4.9900129e-16
vn -0.70710678 -2.3674223e-16 0.70710678
vn 0.70710678 4.1943862e-16 0.70710678
vn -5.7060630e-16 1.00000000 -4.9900129e-16
vn 0.0000000e+0 -1.00000000 -1.0416170e-14
vn -0.70710678 -2.3674223e-16 0.70710678
vn -0.70710678 -4.0856772e-16 -0.70710678
vn 0.0000000e+0 -1.00000000 -1.0416170e-14
vn -0.70710678 -2.3674223e-16 0.70710678
vn -0.70710678 -4.0856772e-16 -0.70710678
vn -6.8689868e-16 1.00000000 -6.6173031e-16
vn -6.8689868e-16 1.00000000 -6.6173031e-16
vn -0.70710678 -4.0856772e-16 -0.70710678
vn -7.8501939e-16 1.00000000 -9.7651592e-16
vn -0.70710678 -4.0856772e-16 -0.70710678
vn 0.0000000e+0 -1.00000000 -2.0832340e-14
vn 0.70710678 4.1943862e-16 0.70710678
vn 0.0000000e+0 -1.00000000 0.0000000e+0
vn -5.5243464e-16 1.00000000 -6.5105788e-16
vn 0.70710678 4.1943862e-16 0.70710678
vn 0.0000000e+0 -1.00000000 -3.1250778e-15
vn 0.0000000e+0 1.2166828e-16 1.00000000
vn 1.00000000 -1.5842076e-32 -1.3020712e-16
vn 0.0000000e+0 -1.00000000 -3.1250778e-15
vn -1.7142093e-17 1.00000000 -1.9531737e-16
vn 0.0000000e+0 1.2166828e-16 1.00000000
vn 1.00000000 -1.5842076e-32 -1.3020712e-16
vn -1.7142093e-17 1.00000000 -1.9531737e-16
vn 0.0000000e+0 -1.00000000 -2.0832340e-14
vn 0.0000000e+0 1.2166828e-16 1.00000000
vn -1.00000000 1.5842010e-32 1.3020657e-16
vn 0.0000000e+0 -1.00000000 -2.0832340e-14
vn 0.0000000e+0 1.2166828e-16 1.00000000
vn -1.00000000 1.5842010e-32 1.3020657e-16
vn 1.7142021e-17 1.00000000 0.0000000e+0
vn 1.7142021e-17 1.00000000 0.0000000e+0
vn -1.00000000 1.5842010e-32 1.3020657e-16
vn 3.4284042e-17 1.00000000 0.0000000e+0
vn -1.00000000 1.5842010e-32 1.3020657e-16
vn 0.0000000e+0 -1.00000000 -4.1664679e-14
vn 1.00000000 -1.5842076e-32 -1.3020712e-16
vn 0.0000000e+0 -1.00000000 -6.2501557e-15
vn -3.4284186e-17 1.00000000 -3.9063473e-16
vn 1.00000000 -1.5842076e-32 -1.3020712e-16
vn 0.0000000e+0 -1.00000000 0.0000000e+0
vn -1.00000000 -3.3458776e-16 0.0000000e+0
vn -9.7655343e-17 4.4746360e-16 1.00000000
vn 0.0000000e+0 -1.00000000 0.0000000e+0
vn -2.6898026e-16 1.00000000 -3.4694470e-16
vn -1.00000000 -3.3458776e-16 0.0000000e+0
vn -9.7655343e-17 4.4746360e-16 1.00000000
vn -2.6898026e-16 1.00000000 -3.4694470e-16
vn 0.0000000e+0 -1.00000000 -2.6040425e-14
vn -1.00000000 -3.3458776e-16 0.0000000e+0
vn 9.7654931e-17 -4.4746360e-16 -1.00000000
vn 0.0000000e+0 -1.00000000 -2.6040425e-14
vn -1.00000000 -3.3458776e-16 0.0000000e+0
vn 9.7654931e-17 -4.4746360e-16 -1.00000000
vn -2.6897971e-16 1.00000000 -1.0386435e-15
vn -2.6897971e-16 1.00000000 -1.0386435e-15
vn 9.7654931e-17 -4.4746360e-16 -1.00000000
vn -2.6041315e-16 1.00000000 -1.3833976e-15
vn 9.7654931e-17 -4.4746360e-16 -1.00000000
vn 0.0000000e+0 -1.00000000 -5.2080849e-14
vn -9.7655343e-17 4.4746360e-16 1.00000000
vn 0.0000000e+0 -1.00000000 0.0000000e+0
vn -2.6041425e-16 1.00000000 0.0000000e+0
vn -9.7655343e-17 4.4746360e-16 1.00000000
vn 0.0000000e+0 -1.00000000 1.0416926e-14
vn 0.25881905 1.1747999e-16 0.96592583
vn 0.96592583 -3.1492733e-17 -0.25881905
vn 0.0000000e+0 -1.00000000 1.0416926e-14
vn 0.0000000e+0 1.00000000 -1.6276447e-16
vn 0.25881905 1.1747999e-16 0.96592583
vn 0.96592583 -3.1492733e-17 -0.25881905
vn 0.0000000e+0 1.00000000 -1.6276447e-16
vn 0.0000000e+0 -1.00000000 0.0000000e+0
vn 0.25881905 1.1747999e-16 0.96592583
vn -0.96592583 3.1492600e-17 0.25881905
vn 0.0000000e+0 -1.00000000 0.0000000e+0
vn 0.25881905 1.1747999e-16 0.96592583
vn -0.96592583 3.1492600e-17 0.25881905
vn 0.0000000e+0 1.00000000 0.0000000e+0
vn 0.0000000e+0 1.00000000 0.0000000e+0
vn -0.96592583 3.1492600e-17 0.25881905
vn 0.0000000e+0 1.00000000 0.0000000e+0
vn -0.96592583 3.1492600e-17 0.25881905
vn 0.0000000e+0 -1.00000000 0.0000000e+0
vn 0.96592583 -3.1492733e-17 -0.25881905
vn 0.0000000e+0 -1.00000000 2.0833852e-14
vn 0.0000000e+0 1.00000000 -3.2552894e-16
vn 0.96592583 -3.1492733e-17 -0.25881905
vn 0.0000000e+0 -1.00000000 0.0000000e+0
vn -0.96592583 -2.9154642e-16 0.25881905
vn 0.25881905 4.4020153e-16 0.96592583
vn 0.0000000e+0 -1.00000000 0.0000000e+0
vn -2.4661194e-16 1.00000000 -9.1126640e-16
vn -0.96592583 -2.9154642e-16 0.25881905
vn 0.25881905 4.4020153e-16 0.96592583
vn -2.4661194e-16 1.00000000 -9.1126640e-16
vn 0.0000000e+0 -1.00000000 -1.5624255e-14
vn -0.96592583 -2.9154642e-16 0.25881905
vn -0.25881905 -4.4396206e-16 -0.96592583
vn 0.0000000e+0 -1.00000000 -1.5624255e-14
vn -0.96592583 -2.9154642e-16 0.25881905
vn -0.25881905 -4.4396206e-16 -0.96592583
vn -3.7681360e-16 1.00000000 -9.9259546e-16
vn -3.7681360e-16 1.00000000 -9.9259546e-16
vn -0.25881905 -4.4396206e-16 -0.96592583
vn -4.0408167e-16 1.00000000 -1.4647739e-15
vn -0.25881905 -4.4396206e-16 -0.96592583
vn 0.0000000e+0 -1.00000000 -3.1248509e-14
vn 0.25881905 4.4020153e-16 0.96592583
vn 0.0000000e+0 -1.00000000 0.0000000e+0
vn -1.4367834e-16 1.00000000 -1.3021158e-15
vn 0.25881905 4.4020153e-16 0.96592583
vn 1.00000000 0.0000000e+0 -2.5195570e-16
vn 1.00000000 0.0000000e+0 -2.5195570e-16
vn 0.96592583 0.0000000e+0 0.25881905
vn 0.96592583 0.0000000e+0 0.25881905
vn 0.86602540 0.0000000e+0 0.50000000
vn 0.86602540 0.0000000e+0 0.50000000
vn 0.70710678 0.0000000e+0 0.70710678
vn 0.70710678 0.0000000e+0 0.70710678
vn 0.50000000 0.0000000e+0 0.86602540
vn 0.50000000 0.0000000e+0 0.86602540
vn 0.25881905 0.0000000e+0 0.96592583
vn 0.25881905 0.0000000e+0 0.96592583
vn 1.5397293e-16 0.0000000e+0 1.00000000
vn 1.5397293e-16 0.0000000e+0 1.00000000
vn -0.25881905 0.0000000e+0 0.96592583
vn -0.25881905 0.0000000e+0 0.96592583
vn -0.50000000 0.0000000e+0 0.86602540
vn -0.50000000 0.0000000e+0 0.86602540
vn -0.70710678 0.0000000e+0 0.70710678
vn -0.70710678 0.0000000e+0 0.70710678
vn -0.86602540 0.0000000e+0 0.50000000
vn -0.86602540 0.0000000e+0 0.50000000
vn -0.96592583 0.0000000e+0 0.25881905
vn -0.96592583 0.0000000e+0 0.25881905
vn -1.00000000 0.0000000e+0 3.4993847e-16
vn -1.00000000 0.0000000e+0 3.4993847e-16
vn -0.96592583 0.0000000e+0 -0.25881905
vn -0.96592583 0.0000000e+0 -0.25881905
vn -0.86602540 0.0000000e+0 -0.50000000
vn -0.86602540 0.0000000e+0 -0.50000000
vn -0.70710678 0.0000000e+0 -0.70710678
vn -0.70710678 0.0000000e+0 -0.70710678
vn -0.50000000 0.0000000e+0 -0.86602540
vn -0.50000000 0.0000000e+0 -0.86602540
vn -0.25881905 0.0000000e+0 -0.96592583
vn -0.25881905 0.0000000e+0 -0.96592583
vn -4.7591632e-16 0.0000000e+0 -1.00000000
vn -4.7591632e-16 0.0000000e+0 -1.00000000
vn 0.25881905 0.0000000e+0 -0.96592583
vn 0.25881905 0.0000000e+0 -0.96592583
vn 0.50000000 0.0000000e+0 -0.86602540
vn 0.50000000 0.0000000e+0 -0.86602540
vn 0.70710678 0.0000000e+0 -0.70710678
vn 0.70710678 0.0000000e+0 -0.70710678
vn 0.86602540 0.0000000e+0 -0.50000000
vn 0.86602540 0.0000000e+0 -0.50000000
vn 0.96592583 0.0000000e+0 -0.25881905
vn 0.96592583 0.0000000e+0 -0.25881905
vn 1.00000000 0.0000000e+0 -2.5195570e-16
vn 1.00000000 0.0000000e+0 -2.5195570e-16
vn 0.96592583 0.0000000e+0 0.25881905
vn 0.96592583 0.0000000e+0 0.25881905
vn 0.86602540 0.0000000e+0 0.50000000
vn 0.86602540 0.0000000e+0 0.50000000
vn 0.70710678 0.0000000e+0 0.70710678
vn 0.70710678 0.0000000e+0 0.70710678
vn 0.50000000 0.0000000e+0 0.86602540
vn 0.50000000 0.0000000e+0 0.86602540
vn 0.25881905 0.0000000e+0 0.96592583
vn 0.25881905 0.0000000e+0 0.96592583
vn 1.5397293e-16 0.0000000e+0 1.00000000
vn 1.5397293e-16 0.0000000e+0 1.00000000
vn -0.25881905 0.0000000e+0 0.96592583
vn -0.25881905 0.0000000e+0 0.96592583
vn -0.50000000 0.0000000e+0 0.86602540
vn -0.50000000 0.0000000e+0 0.86602540
vn -0.70710678 0.0000000e+0 0.70710678
vn -0.70710678 0.0000000e+0 0.70710678
vn -0.86602540 0.0000000e+0 0.50000000
vn -0.86602540 0.0000000e+0 0.50000000
vn -0.96592583 0.0000000e+0 0.25881905
vn -0.96592583 0.0000000e+0 0.25881905
vn -1.00000000 0.0000000e+0 3.4993847e-16
vn -1.00000000 0.0000000e+0 3.4993847e-16
vn -0.96592583 0.0000000e+0 -0.25881905
vn -0.96592583 0.0000000e+0 -0.25881905
vn -0.86602540 0.0000000e+0 -0.50000000
vn -0.86602540 0.0000000e+0 -0.50000000
vn -0.70710678 0.0000000e+0 -0.70710678
vn -0.70710678 0.0000000e+0 -0.70710678
vn -0.50000000 0.0000000e+0 -0.86602540
vn -0.50000000 0.0000000e+0 -0.86602540
vn -0.25881905 0.0000000e+0 -0.96592583
vn -0.25881905 0.0000000e+0 -0.96592583
vn -4.7591632e-16 0.0000000e+0 -1.00000000
vn -4.7591632e-16 0.0000000e+0 -1.00000000
vn 0.25881905 0.0000000e+0 -0.96592583
vn 0.25881905 0.0000000e+0 -0.96592583
vn 0.50000000 0.0000000e+0 -0.86602540
vn 0.50000000 0.0000000e+0 -0.86602540
vn 0.70710678 0.0000000e+0 -0.70710678
vn 0.70710678 0.0000000e+0 -0.70710678
vn 0.86602540 0.0000000e+0 -0.50000000
vn 0.86602540 0.0000000e+0 -0.50000000
vn 0.96592583 0.0000000e+0 -0.25881905
vn 0.96592583 0.0000000e+0 -0.25881905
vn 0.0000000e+0 -1.00000000 3.0565474e-14
vn 0.86602540 -6.7517576e-16 0.50000000
vn 0.50000000 8.3609027e-19 -0.86602540
vn 0.0000000e+0 -1.00000000 3.0565474e-14
vn 4.8303778e-16 1.00000000 0.0000000e+0
vn 0.86602540 -6.7517576e-16 0.50000000
vn 0.50000000 8.3609027e-19 -0.86602540
vn 4.8303778e-16 1.00000000 0.0000000e+0
vn 0.0000000e+0 -1.00000000 9.7301094e-15
vn 0.86602540 -6.7517576e-16 0.50000000
vn -0.50000000 1.2541301e-17 0.86602540
vn 0.0000000e+0 -1.00000000 9.7301094e-15
vn 0.86602540 -6.7517576e-16 0.50000000
vn -0.50000000 1.2541301e-17 0.86602540
vn 4.4875272e-16 1.00000000 1.6275265e-16
vn 4.4875272e-16 1.00000000 1.6275265e-16
vn -0.50000000 1.2541301e-17 0.86602540
vn 4.1676476e-16 1.00000000 3.2550531e-16
vn -0.50000000 1.2541301e-17 0.86602540
vn 0.0000000e+0 -1.00000000 4.1664679e-14
vn 0.50000000 8.3609027e-19 -0.86602540
vn 0.0000000e+0 -1.00000000 8.3335409e-14
vn 4.8533490e-16 1.00000000 0.0000000e+0
vn 0.50000000 8.3609027e-19 -0.86602540
vn 0.0000000e+0 -1.00000000 0.0000000e+0
vn 0.50000000 -3.3357782e-16 -0.86602540
vn -0.86602540 3.3443611e-16 -0.50000000
vn 0.0000000e+0 -1.00000000 0.0000000e+0
vn 6.0039353e-16 1.00000000 0.0000000e+0
vn 0.50000000 -3.3357782e-16 -0.86602540
vn -0.86602540 3.3443611e-16 -0.50000000
vn 6.0039353e-16 1.00000000 0.0000000e+0
vn 0.0000000e+0 -1.00000000 -2.0832340e-14
vn 0.50000000 -3.3357782e-16 -0.86602540
vn 0.86602540 -3.2663122e-16 0.50000000
vn 0.0000000e+0 -1.00000000 -2.0832340e-14
vn 0.50000000 -3.3357782e-16 -0.86602540
vn 0.86602540 -3.2663122e-16 0.50000000
vn 6.3006773e-16 1.00000000 6.5101061e-16
vn 6.3006773e-16 1.00000000 6.5101061e-16
vn 0.86602540 -3.2663122e-16 0.50000000
vn 6.4062166e-16 1.00000000 1.3020212e-15
vn 0.86602540 -3.2663122e-16 0.50000000
vn 0.0000000e+0 -1.00000000 -4.1664679e-14
vn -0.86602540 3.3443611e-16 -0.50000000
vn 0.0000000e+0 -1.00000000 0.0000000e+0
vn 5.8127326e-16 1.00000000 0.0000000e+0
