# Exported from Wings 3D 1.5.4
mtllib blue_streak_fuel_tank_s1p5_1.mtl
o mesh1
#480 vertices, 360 faces
v 0.94468228 -0.46875000 -0.13697764
v 0.91989615 -0.46875000 -0.13371449
v 0.94468228 0.46875000 -0.13697764
v 0.91989615 0.46875000 -0.13371449
v 0.94794543 -0.46875000 -0.11219152
v 0.92315931 -0.46875000 -0.10892837
v 0.94794543 0.46875000 -0.11219152
v 0.92315931 0.46875000 -0.10892837
v 0.96250000 -0.46875000 -1.2500000e-2
v 0.96250000 0.46875000 -1.2500000e-2
v 0.96250000 -0.46875000 1.2500000e-2
v 0.96250000 0.46875000 1.2500000e-2
v 0.93585434 0.46875000 1.2500000e-2
v 0.93585434 -0.46875000 1.2500000e-2
v 0.93750000 -0.46875000 -1.0874264e-16
v 0.93750000 0.46875000 -7.9252342e-17
v 0.93585434 -0.46875000 -1.2500000e-2
v 0.93585434 0.46875000 -1.2500000e-2
v 0.94794543 -0.46875000 0.11219152
v 0.92315931 -0.46875000 0.10892837
v 0.94794543 0.46875000 0.11219152
v 0.92315931 0.46875000 0.10892837
v 0.94468228 -0.46875000 0.13697764
v 0.91989615 -0.46875000 0.13371449
v 0.94468228 0.46875000 0.13697764
v 0.91989615 0.46875000 0.13371449
v 0.93293885 -0.46875000 0.23703926
v 0.93293885 0.46875000 0.23703926
v 0.92646837 -0.46875000 0.26118740
v 0.92646837 0.46875000 0.26118740
v 0.90073064 0.46875000 0.25429100
v 0.90073064 -0.46875000 0.25429100
v 0.90555546 -0.46875000 0.24264285
v 0.90555546 0.46875000 0.24264285
v 0.90720112 -0.46875000 0.23014285
v 0.90720112 0.46875000 0.23014285
v 0.11219152 -0.46875000 -0.94794543
v 0.10892837 -0.46875000 -0.92315931
v 0.11219152 0.46875000 -0.94794543
v 0.10892837 0.46875000 -0.92315931
v 0.13697764 -0.46875000 -0.94468228
v 0.13371449 -0.46875000 -0.91989615
v 0.13697764 0.46875000 -0.94468228
v 0.13371449 0.46875000 -0.91989615
v 0.23703926 -0.46875000 -0.93293885
v 0.23703926 0.46875000 -0.93293885
v 0.26118740 -0.46875000 -0.92646837
v 0.26118740 0.46875000 -0.92646837
v 0.25429100 0.46875000 -0.90073064
v 0.25429100 -0.46875000 -0.90073064
v 0.24264285 -0.46875000 -0.90555546
v 0.24264285 0.46875000 -0.90555546
v 0.23014285 -0.46875000 -0.90720112
v 0.23014285 0.46875000 -0.90720112
v 0.88660767 -0.46875000 0.35371502
v 0.86351068 -0.46875000 0.34414793
v 0.88660767 0.46875000 0.35371502
v 0.86351068 0.46875000 0.34414793
v 0.87704058 -0.46875000 0.37681201
v 0.85394360 -0.46875000 0.36724492
v 0.87704058 0.46875000 0.37681201
v 0.85394360 0.46875000 0.36724492
v 0.83979945 -0.46875000 0.47042468
v 0.83979945 0.46875000 0.47042468
v 0.82729945 -0.46875000 0.49207532
v 0.82729945 0.46875000 0.49207532
v 0.80422364 0.46875000 0.47875249
v 0.80422364 -0.46875000 0.47875249
v 0.81189882 -0.46875000 0.46875000
v 0.81189882 0.46875000 0.46875000
v 0.81672364 -0.46875000 0.45710185
v 0.81672364 0.46875000 0.45710185
v 0.35371502 -0.46875000 -0.88660767
v 0.34414793 -0.46875000 -0.86351068
v 0.35371502 0.46875000 -0.88660767
v 0.34414793 0.46875000 -0.86351068
v 0.37681201 -0.46875000 -0.87704058
v 0.36724492 -0.46875000 -0.85394360
v 0.37681201 0.46875000 -0.87704058
v 0.36724492 0.46875000 -0.85394360
v 0.47042468 -0.46875000 -0.83979945
v 0.47042468 0.46875000 -0.83979945
v 0.49207532 -0.46875000 -0.82729945
v 0.49207532 0.46875000 -0.82729945
v 0.47875249 0.46875000 -0.80422364
v 0.47875249 -0.46875000 -0.80422364
v 0.46875000 -0.46875000 -0.81189882
v 0.46875000 0.46875000 -0.81189882
v 0.45710185 -0.46875000 -0.81672364
v 0.45710185 0.46875000 -0.81672364
v 0.76484906 -0.46875000 0.57113342
v 0.74501523 -0.46875000 0.55591439
v 0.76484906 0.46875000 0.57113342
v 0.74501523 0.46875000 0.55591439
v 0.74963003 -0.46875000 0.59096726
v 0.72979619 -0.46875000 0.57574822
v 0.74963003 0.46875000 0.59096726
v 0.72979619 0.46875000 0.57574822
v 0.68942911 -0.46875000 0.67175144
v 0.68942911 0.46875000 0.67175144
v 0.67175144 -0.46875000 0.68942911
v 0.67175144 0.46875000 0.68942911
v 0.65291012 0.46875000 0.67058779
v 0.65291012 -0.46875000 0.67058779
v 0.66291261 -0.46875000 0.66291261
v 0.66291261 0.46875000 0.66291261
v 0.67058779 -0.46875000 0.65291012
v 0.67058779 0.46875000 0.65291012
v 0.57113342 -0.46875000 -0.76484906
v 0.55591439 -0.46875000 -0.74501523
v 0.57113342 0.46875000 -0.76484906
v 0.55591439 0.46875000 -0.74501523
v 0.59096726 -0.46875000 -0.74963003
v 0.57574822 -0.46875000 -0.72979619
v 0.59096726 0.46875000 -0.74963003
v 0.57574822 0.46875000 -0.72979619
v 0.67175144 -0.46875000 -0.68942911
v 0.67175144 0.46875000 -0.68942911
v 0.68942911 -0.46875000 -0.67175144
v 0.68942911 0.46875000 -0.67175144
v 0.67058779 0.46875000 -0.65291012
v 0.67058779 -0.46875000 -0.65291012
v 0.66291261 -0.46875000 -0.66291261
v 0.66291261 0.46875000 -0.66291261
v 0.65291012 -0.46875000 -0.67058779
v 0.65291012 0.46875000 -0.67058779
v -0.49207532 -0.46875000 -0.82729945
v -0.49207532 0.46875000 -0.82729945
v -0.47042468 -0.46875000 -0.83979945
v -0.47042468 0.46875000 -0.83979945
v -0.45710185 0.46875000 -0.81672364
v -0.45710185 -0.46875000 -0.81672364
v -0.46875000 -0.46875000 -0.81189882
v -0.46875000 0.46875000 -0.81189882
v -0.47875249 -0.46875000 -0.80422364
v -0.47875249 0.46875000 -0.80422364
v -0.59096726 -0.46875000 -0.74963003
v -0.57574822 -0.46875000 -0.72979619
v -0.59096726 0.46875000 -0.74963003
v -0.57574822 0.46875000 -0.72979619
v -0.57113342 -0.46875000 -0.76484906
v -0.55591439 -0.46875000 -0.74501523
v -0.57113342 0.46875000 -0.76484906
v -0.55591439 0.46875000 -0.74501523
v 0.74963003 -0.46875000 -0.59096726
v 0.72979619 -0.46875000 -0.57574822
v 0.74963003 0.46875000 -0.59096726
v 0.72979619 0.46875000 -0.57574822
v 0.76484906 -0.46875000 -0.57113342
v 0.74501523 -0.46875000 -0.55591439
v 0.76484906 0.46875000 -0.57113342
v 0.74501523 0.46875000 -0.55591439
v 0.82729945 -0.46875000 -0.49207532
v 0.82729945 0.46875000 -0.49207532
v 0.83979945 -0.46875000 -0.47042468
v 0.83979945 0.46875000 -0.47042468
v 0.81672364 0.46875000 -0.45710185
v 0.81672364 -0.46875000 -0.45710185
v 0.81189882 -0.46875000 -0.46875000
v 0.81189882 0.46875000 -0.46875000
v 0.80422364 -0.46875000 -0.47875249
v 0.80422364 0.46875000 -0.47875249
v -0.26118740 -0.46875000 -0.92646837
v -0.26118740 0.46875000 -0.92646837
v -0.23703926 -0.46875000 -0.93293885
v -0.23703926 0.46875000 -0.93293885
v -0.23014285 0.46875000 -0.90720112
v -0.23014285 -0.46875000 -0.90720112
v -0.24264285 -0.46875000 -0.90555546
v -0.24264285 0.46875000 -0.90555546
v -0.25429100 -0.46875000 -0.90073064
v -0.25429100 0.46875000 -0.90073064
v -0.37681201 -0.46875000 -0.87704058
v -0.36724492 -0.46875000 -0.85394360
v -0.37681201 0.46875000 -0.87704058
v -0.36724492 0.46875000 -0.85394360
v -0.35371502 -0.46875000 -0.88660767
v -0.34414793 -0.46875000 -0.86351068
v -0.35371502 0.46875000 -0.88660767
v -0.34414793 0.46875000 -0.86351068
v 0.87704058 -0.46875000 -0.37681201
v 0.85394360 -0.46875000 -0.36724492
v 0.87704058 0.46875000 -0.37681201
v 0.85394360 0.46875000 -0.36724492
v 0.88660767 -0.46875000 -0.35371502
v 0.86351068 -0.46875000 -0.34414793
v 0.88660767 0.46875000 -0.35371502
v 0.86351068 0.46875000 -0.34414793
v 0.92646837 -0.46875000 -0.26118740
v 0.92646837 0.46875000 -0.26118740
v 0.93293885 -0.46875000 -0.23703926
v 0.93293885 0.46875000 -0.23703926
v 0.90720112 0.46875000 -0.23014285
v 0.90720112 -0.46875000 -0.23014285
v 0.90555546 -0.46875000 -0.24264285
v 0.90555546 0.46875000 -0.24264285
v 0.90073064 -0.46875000 -0.25429100
v 0.90073064 0.46875000 -0.25429100
v -1.2500000e-2 -0.46875000 -0.96250000
v -1.2500000e-2 0.46875000 -0.96250000
v 1.2500000e-2 -0.46875000 -0.96250000
v 1.2500000e-2 0.46875000 -0.96250000
v 1.2500000e-2 0.46875000 -0.93585434
v 1.2500000e-2 -0.46875000 -0.93585434
v 0.0000000e+0 -0.46875000 -0.93750000
v 0.0000000e+0 0.46875000 -0.93750000
v -1.2500000e-2 -0.46875000 -0.93585434
v -1.2500000e-2 0.46875000 -0.93585434
v -0.13697764 -0.46875000 -0.94468228
v -0.13371449 -0.46875000 -0.91989615
v -0.13697764 0.46875000 -0.94468228
v -0.13371449 0.46875000 -0.91989615
v -0.11219152 -0.46875000 -0.94794543
v -0.10892837 -0.46875000 -0.92315931
v -0.11219152 0.46875000 -0.94794543
v -0.10892837 0.46875000 -0.92315931
v -0.94468228 -0.46875000 0.13697764
v -0.91989615 -0.46875000 0.13371449
v -0.94468228 0.46875000 0.13697764
v -0.91989615 0.46875000 0.13371449
v -0.94794543 -0.46875000 0.11219152
v -0.92315931 -0.46875000 0.10892837
v -0.94794543 0.46875000 0.11219152
v -0.92315931 0.46875000 0.10892837
v -0.96250000 -0.46875000 1.2500000e-2
v -0.96250000 0.46875000 1.2500000e-2
v -0.96250000 -0.46875000 -1.2500000e-2
v -0.96250000 0.46875000 -1.2500000e-2
v -0.93585434 0.46875000 -1.2500000e-2
v -0.93585434 -0.46875000 -1.2500000e-2
v -0.93750000 -0.46875000 1.0874264e-16
v -0.93750000 0.46875000 7.9252342e-17
v -0.93585434 -0.46875000 1.2500000e-2
v -0.93585434 0.46875000 1.2500000e-2
v -0.94794543 -0.46875000 -0.11219152
v -0.92315931 -0.46875000 -0.10892837
v -0.94794543 0.46875000 -0.11219152
v -0.92315931 0.46875000 -0.10892837
v -0.94468228 -0.46875000 -0.13697764
v -0.91989615 -0.46875000 -0.13371449
v -0.94468228 0.46875000 -0.13697764
v -0.91989615 0.46875000 -0.13371449
v -0.93293885 -0.46875000 -0.23703926
v -0.93293885 0.46875000 -0.23703926
v -0.92646837 -0.46875000 -0.26118740
v -0.92646837 0.46875000 -0.26118740
v -0.90073064 0.46875000 -0.25429100
v -0.90073064 -0.46875000 -0.25429100
v -0.90555546 -0.46875000 -0.24264285
v -0.90555546 0.46875000 -0.24264285
v -0.90720112 -0.46875000 -0.23014285
v -0.90720112 0.46875000 -0.23014285
v -0.11219152 -0.46875000 0.94794543
v -0.10892837 -0.46875000 0.92315931
v -0.11219152 0.46875000 0.94794543
v -0.10892837 0.46875000 0.92315931
v -0.13697764 -0.46875000 0.94468228
v -0.13371449 -0.46875000 0.91989615
v -0.13697764 0.46875000 0.94468228
v -0.13371449 0.46875000 0.91989615
v -0.23703926 -0.46875000 0.93293885
v -0.23703926 0.46875000 0.93293885
v -0.26118740 -0.46875000 0.92646837
v -0.26118740 0.46875000 0.92646837
v -0.25429100 0.46875000 0.90073064
v -0.25429100 -0.46875000 0.90073064
v -0.24264285 -0.46875000 0.90555546
v -0.24264285 0.46875000 0.90555546
v -0.23014285 -0.46875000 0.90720112
v -0.23014285 0.46875000 0.90720112
v -0.88660767 -0.46875000 -0.35371502
v -0.86351068 -0.46875000 -0.34414793
v -0.88660767 0.46875000 -0.35371502
v -0.86351068 0.46875000 -0.34414793
v -0.87704058 -0.46875000 -0.37681201
v -0.85394360 -0.46875000 -0.36724492
v -0.87704058 0.46875000 -0.37681201
v -0.85394360 0.46875000 -0.36724492
v -0.83979945 -0.46875000 -0.47042468
v -0.83979945 0.46875000 -0.47042468
v -0.82729945 -0.46875000 -0.49207532
v -0.82729945 0.46875000 -0.49207532
v -0.80422364 0.46875000 -0.47875249
v -0.80422364 -0.46875000 -0.47875249
v -0.81189882 -0.46875000 -0.46875000
v -0.81189882 0.46875000 -0.46875000
v -0.81672364 -0.46875000 -0.45710185
v -0.81672364 0.46875000 -0.45710185
v -0.35371502 -0.46875000 0.88660767
v -0.34414793 -0.46875000 0.86351068
v -0.35371502 0.46875000 0.88660767
v -0.34414793 0.46875000 0.86351068
v -0.37681201 -0.46875000 0.87704058
v -0.36724492 -0.46875000 0.85394360
v -0.37681201 0.46875000 0.87704058
v -0.36724492 0.46875000 0.85394360
v -0.47042468 -0.46875000 0.83979945
v -0.47042468 0.46875000 0.83979945
v -0.49207532 -0.46875000 0.82729945
v -0.49207532 0.46875000 0.82729945
v -0.47875249 0.46875000 0.80422364
v -0.47875249 -0.46875000 0.80422364
v -0.46875000 -0.46875000 0.81189882
v -0.46875000 0.46875000 0.81189882
v -0.45710185 -0.46875000 0.81672364
v -0.45710185 0.46875000 0.81672364
v -0.76484906 -0.46875000 -0.57113342
v -0.74501523 -0.46875000 -0.55591439
v -0.76484906 0.46875000 -0.57113342
v -0.74501523 0.46875000 -0.55591439
v -0.74963003 -0.46875000 -0.59096726
v -0.72979619 -0.46875000 -0.57574822
v -0.74963003 0.46875000 -0.59096726
v -0.72979619 0.46875000 -0.57574822
v -0.68942911 -0.46875000 -0.67175144
v -0.68942911 0.46875000 -0.67175144
v -0.67175144 -0.46875000 -0.68942911
v -0.67175144 0.46875000 -0.68942911
v -0.65291012 0.46875000 -0.67058779
v -0.65291012 -0.46875000 -0.67058779
v -0.66291261 -0.46875000 -0.66291261
v -0.66291261 0.46875000 -0.66291261
v -0.67058779 -0.46875000 -0.65291012
v -0.67058779 0.46875000 -0.65291012
v -0.57113342 -0.46875000 0.76484906
v -0.55591439 -0.46875000 0.74501523
v -0.57113342 0.46875000 0.76484906
v -0.55591439 0.46875000 0.74501523
v -0.59096726 -0.46875000 0.74963003
v -0.57574822 -0.46875000 0.72979619
v -0.59096726 0.46875000 0.74963003
v -0.57574822 0.46875000 0.72979619
v -0.67175144 -0.46875000 0.68942911
v -0.67175144 0.46875000 0.68942911
v -0.68942911 -0.46875000 0.67175144
v -0.68942911 0.46875000 0.67175144
v -0.67058779 0.46875000 0.65291012
v -0.67058779 -0.46875000 0.65291012
v -0.66291261 -0.46875000 0.66291261
v -0.66291261 0.46875000 0.66291261
v -0.65291012 -0.46875000 0.67058779
v -0.65291012 0.46875000 0.67058779
v 0.49207532 -0.46875000 0.82729945
v 0.49207532 0.46875000 0.82729945
v 0.47042468 -0.46875000 0.83979945
v 0.47042468 0.46875000 0.83979945
v 0.45710185 0.46875000 0.81672364
v 0.45710185 -0.46875000 0.81672364
v 0.46875000 -0.46875000 0.81189882
v 0.46875000 0.46875000 0.81189882
v 0.47875249 -0.46875000 0.80422364
v 0.47875249 0.46875000 0.80422364
v 0.59096726 -0.46875000 0.74963003
v 0.57574822 -0.46875000 0.72979619
v 0.59096726 0.46875000 0.74963003
v 0.57574822 0.46875000 0.72979619
v 0.57113342 -0.46875000 0.76484906
v 0.55591439 -0.46875000 0.74501523
v 0.57113342 0.46875000 0.76484906
v 0.55591439 0.46875000 0.74501523
v -0.74963003 -0.46875000 0.59096726
v -0.72979619 -0.46875000 0.57574822
v -0.74963003 0.46875000 0.59096726
v -0.72979619 0.46875000 0.57574822
v -0.76484906 -0.46875000 0.57113342
v -0.74501523 -0.46875000 0.55591439
v -0.76484906 0.46875000 0.57113342
v -0.74501523 0.46875000 0.55591439
v -0.82729945 -0.46875000 0.49207532
v -0.82729945 0.46875000 0.49207532
v -0.83979945 -0.46875000 0.47042468
v -0.83979945 0.46875000 0.47042468
v -0.81672364 0.46875000 0.45710185
v -0.81672364 -0.46875000 0.45710185
v -0.81189882 -0.46875000 0.46875000
v -0.81189882 0.46875000 0.46875000
v -0.80422364 -0.46875000 0.47875249
v -0.80422364 0.46875000 0.47875249
v 0.26118740 -0.46875000 0.92646837
v 0.26118740 0.46875000 0.92646837
v 0.23703926 -0.46875000 0.93293885
v 0.23703926 0.46875000 0.93293885
v 0.23014285 0.46875000 0.90720112
v 0.23014285 -0.46875000 0.90720112
v 0.24264285 -0.46875000 0.90555546
v 0.24264285 0.46875000 0.90555546
v 0.25429100 -0.46875000 0.90073064
v 0.25429100 0.46875000 0.90073064
v 0.37681201 -0.46875000 0.87704058
v 0.36724492 -0.46875000 0.85394360
v 0.37681201 0.46875000 0.87704058
v 0.36724492 0.46875000 0.85394360
v 0.35371502 -0.46875000 0.88660767
v 0.34414793 -0.46875000 0.86351068
v 0.35371502 0.46875000 0.88660767
v 0.34414793 0.46875000 0.86351068
v -0.87704058 -0.46875000 0.37681201
v -0.85394360 -0.46875000 0.36724492
v -0.87704058 0.46875000 0.37681201
v -0.85394360 0.46875000 0.36724492
v -0.88660767 -0.46875000 0.35371502
v -0.86351068 -0.46875000 0.34414793
v -0.88660767 0.46875000 0.35371502
v -0.86351068 0.46875000 0.34414793
v -0.92646837 -0.46875000 0.26118740
v -0.92646837 0.46875000 0.26118740
v -0.93293885 -0.46875000 0.23703926
v -0.93293885 0.46875000 0.23703926
v -0.90720112 0.46875000 0.23014285
v -0.90720112 -0.46875000 0.23014285
v -0.90555546 -0.46875000 0.24264285
v -0.90555546 0.46875000 0.24264285
v -0.90073064 -0.46875000 0.25429100
v -0.90073064 0.46875000 0.25429100
v 1.2500000e-2 -0.46875000 0.96250000
v 1.2500000e-2 0.46875000 0.96250000
v -1.2500000e-2 -0.46875000 0.96250000
v -1.2500000e-2 0.46875000 0.96250000
v -1.2500000e-2 0.46875000 0.93585434
v -1.2500000e-2 -0.46875000 0.93585434
v 0.0000000e+0 -0.46875000 0.93750000
v 0.0000000e+0 0.46875000 0.93750000
v 1.2500000e-2 -0.46875000 0.93585434
v 1.2500000e-2 0.46875000 0.93585434
v 0.13697764 -0.46875000 0.94468228
v 0.13371449 -0.46875000 0.91989615
v 0.13697764 0.46875000 0.94468228
v 0.13371449 0.46875000 0.91989615
v 0.11219152 -0.46875000 0.94794543
v 0.10892837 -0.46875000 0.92315931
v 0.11219152 0.46875000 0.94794543
v 0.10892837 0.46875000 0.92315931
v 0.93750000 0.46875000 -2.0961242e-18
v 0.90555546 0.46875000 0.24264285
v 0.81189882 0.46875000 0.46875000
v 0.66291261 0.46875000 0.66291261
v 0.46875000 0.46875000 0.81189882
v 0.24264285 0.46875000 0.90555546
v 4.8731701e-17 0.46875000 0.93750000
v -0.24264285 0.46875000 0.90555546
v -0.46875000 0.46875000 0.81189882
v -0.66291261 0.46875000 0.66291261
v -0.81189882 0.46875000 0.46875000
v -0.90555546 0.46875000 0.24264285
v -0.93750000 0.46875000 1.1271451e-16
v -0.90555546 0.46875000 -0.24264285
v -0.81189882 0.46875000 -0.46875000
v -0.66291261 0.46875000 -0.66291261
v -0.46875000 0.46875000 -0.81189882
v -0.24264285 0.46875000 -0.90555546
v -1.8088957e-16 0.46875000 -0.93750000
v 0.24264285 0.46875000 -0.90555546
v 0.46875000 0.46875000 -0.81189882
v 0.66291261 0.46875000 -0.66291261
v 0.81189882 0.46875000 -0.46875000
v 0.90555546 0.46875000 -0.24264285
v 0.93750000 -0.46875000 -2.0961242e-18
v 0.90555546 -0.46875000 0.24264285
v 0.81189882 -0.46875000 0.46875000
v 0.66291261 -0.46875000 0.66291261
v 0.46875000 -0.46875000 0.81189882
v 0.24264285 -0.46875000 0.90555546
v 4.8731701e-17 -0.46875000 0.93750000
v -0.24264285 -0.46875000 0.90555546
v -0.46875000 -0.46875000 0.81189882
v -0.66291261 -0.46875000 0.66291261
v -0.81189882 -0.46875000 0.46875000
v -0.90555546 -0.46875000 0.24264285
v -0.93750000 -0.46875000 1.1271451e-16
v -0.90555546 -0.46875000 -0.24264285
v -0.81189882 -0.46875000 -0.46875000
v -0.66291261 -0.46875000 -0.66291261
v -0.46875000 -0.46875000 -0.81189882
v -0.24264285 -0.46875000 -0.90555546
v -1.8088957e-16 -0.46875000 -0.93750000
v 0.24264285 -0.46875000 -0.90555546
v 0.46875000 -0.46875000 -0.81189882
v 0.66291261 -0.46875000 -0.66291261
v 0.81189882 -0.46875000 -0.46875000
v 0.90555546 -0.46875000 -0.24264285
vt 0.78079544 4.4455009e-2
vt 0.78079544 4.4455009e-2
vt 0.78079544 0.22807210
vt 0.78079544 0.22807210
vt 0.78079544 4.4455009e-2
vt 0.78079544 4.4455009e-2
vt 0.78079544 4.4455009e-2
vt 0.78079544 0.22807210
vt 0.78079544 0.22807210
vt 0.78079544 0.22807210
vt 0.82865504 4.4455009e-2
vt 0.82865504 4.4455009e-2
vt 0.82865504 4.4455009e-2
vt 0.82865504 4.4455009e-2
vt 0.82865504 4.4455009e-2
vt 0.82865504 0.22807210
vt 0.82865504 0.22807210
vt 0.82865504 0.22807210
vt 0.82865504 0.22807210
vt 0.82865504 0.22807210
vt 0.82865504 4.4455009e-2
vt 0.82865504 0.22807210
vt 0.87651465 4.4455009e-2
vt 0.87651465 0.22807210
vt 0.87651465 4.4455009e-2
vt 0.87651465 4.4455009e-2
vt 0.87651465 4.4455009e-2
vt 0.87651465 4.4455009e-2
vt 0.87651465 0.22807210
vt 0.87651465 0.22807210
vt 0.87651465 4.4455009e-2
vt 0.87651465 0.22807210
vt 0.87651465 0.22807210
vt 0.89996763 0.97603536
vt 0.89996763 0.97603536
vt 0.89996763 0.98125000
vt 0.89996763 0.97603536
vt 0.89996763 0.97603536
vt 0.89996763 0.97603536
vt 0.89996763 0.98125000
vt 0.89996763 0.98125000
vt 0.89996763 0.98125000
vt 0.89996763 0.97603536
vt 0.89996763 0.97603536
vt 0.89996763 0.97603536
vt 0.89996763 0.98125000
vt 0.89996763 0.98125000
vt 0.89996763 0.97603536
vt 0.89996763 0.97603536
vt 0.89996763 0.97603536
vt 0.89996763 0.98125000
vt 0.89996763 0.97603536
vt 0.89996763 0.97603536
vt 0.90241392 0.98092794
vt 0.90241392 0.98092794
vt 0.90241392 0.98092794
vt 0.90241392 0.98092794
vt 0.90241392 0.98092794
vt 0.90241392 0.98092794
vt 0.90241392 0.98092794
vt 0.90241392 0.98092794
vt 0.90241392 0.98092794
vt 0.90241392 0.98092794
vt 0.90241392 0.98092794
vt 0.90241392 0.98092794
vt 0.90280153 0.24759570
vt 0.90280153 0.24759570
vt 0.90280153 0.24759570
vt 0.90280153 0.24759570
vt 0.90280153 0.24759570
vt 0.90280153 0.24759570
vt 0.90280153 0.43118188
vt 0.90280153 0.24759570
vt 0.90280153 0.24759570
vt 0.90280153 0.24759570
vt 0.90280153 0.43118188
vt 0.90280153 0.24759570
vt 0.90280153 0.43118188
vt 0.90280153 0.24759570
vt 0.90280153 0.43118188
vt 0.90280153 0.43118188
vt 0.90280153 0.43118188
vt 0.90280153 0.24759570
vt 0.90280153 0.43118188
vt 0.90280153 0.43118188
vt 0.90280153 0.43118188
vt 0.90280153 0.43118188
vt 0.90280153 0.43118188
vt 0.90280153 0.43118188
vt 0.90280443 0.24759570
vt 0.90280443 0.43118188
vt 0.90280443 0.43118188
vt 0.90280443 0.24759570
vt 0.90280443 0.43118188
vt 0.90280443 0.43118188
vt 0.90280443 0.43118188
vt 0.90280443 0.43118188
vt 0.90280443 0.43118188
vt 0.90280443 0.24759570
vt 0.90280443 0.43118188
vt 0.90280443 0.24759570
vt 0.90280443 0.43118188
vt 0.90280443 0.24759570
vt 0.90280443 0.43118188
vt 0.90280443 0.24759570
vt 0.90280443 0.24759570
vt 0.90280443 0.24759570
vt 0.90280443 0.24759570
vt 0.90280443 0.24759570
vt 0.90280443 0.43118188
vt 0.90280443 0.24759570
vt 0.90280443 0.24759570
vt 0.90280443 0.43118188
vt 0.90486021 0.97603536
vt 0.90486021 0.98125000
vt 0.90486021 0.97603536
vt 0.90486021 0.97603536
vt 0.90486021 0.98125000
vt 0.90486021 0.98125000
vt 0.90486021 0.97603536
vt 0.90486021 0.97603536
vt 0.90486021 0.97603536
vt 0.90486021 0.97603536
vt 0.90486021 0.98125000
vt 0.90486021 0.98125000
vt 0.90486021 0.98125000
vt 0.90486021 0.97603536
vt 0.90486021 0.97603536
vt 0.90486021 0.97603536
vt 0.90486021 0.98125000
vt 0.90769410 0.24759570
vt 0.90769410 0.24759570
vt 0.90769410 0.24759570
vt 0.90769410 0.24759570
vt 0.90769410 0.24759570
vt 0.90769410 0.24759570
vt 0.90769410 0.43118188
vt 0.90769410 0.24759570
vt 0.90769410 0.24759570
vt 0.90769410 0.43118188
vt 0.90769410 0.24759570
vt 0.90769410 0.43118188
vt 0.90769410 0.24759570
vt 0.90769410 0.43118188
vt 0.90769410 0.24759570
vt 0.90769410 0.43118188
vt 0.90769410 0.43118188
vt 0.90769410 0.24759570
vt 0.90769410 0.43118188
vt 0.90769410 0.43118188
vt 0.90769410 0.43118188
vt 0.90769410 0.43118188
vt 0.90769410 0.43118188
vt 0.90769410 0.43118188
vt 0.90770839 0.24759570
vt 0.90770839 0.43118188
vt 0.90770839 0.43118188
vt 0.90770839 0.24759570
vt 0.90770839 0.43118188
vt 0.90770839 0.43118188
vt 0.90770839 0.43118188
vt 0.90770839 0.43118188
vt 0.90770839 0.43118188
vt 0.90770839 0.43118188
vt 0.90770839 0.24759570
vt 0.90770839 0.24759570
vt 0.90770839 0.43118188
vt 0.90770839 0.24759570
vt 0.90770839 0.43118188
vt 0.90770839 0.24759570
vt 0.90770839 0.24759570
vt 0.90770839 0.24759570
vt 0.90770839 0.24759570
vt 0.90770839 0.24759570
vt 0.90770839 0.43118188
vt 0.90770839 0.24759570
vt 0.90770839 0.24759570
vt 0.90770839 0.43118188
vt 0.91258668 0.24759570
vt 0.91258668 0.24759570
vt 0.91258668 0.24759570
vt 0.91258668 0.24759570
vt 0.91258668 0.24759570
vt 0.91258668 0.24759570
vt 0.91258668 0.43118188
vt 0.91258668 0.24759570
vt 0.91258668 0.24759570
vt 0.91258668 0.43118188
vt 0.91258668 0.24759570
vt 0.91258668 0.43118188
vt 0.91258668 0.24759570
vt 0.91258668 0.24759570
vt 0.91258668 0.43118188
vt 0.91258668 0.43118188
vt 0.91258668 0.43118188
vt 0.91258668 0.24759570
vt 0.91258668 0.43118188
vt 0.91258668 0.43118188
vt 0.91258668 0.43118188
vt 0.91258668 0.43118188
vt 0.91258668 0.43118188
vt 0.91258668 0.43118188
vt 0.91260097 0.24759570
vt 0.91260097 0.43118188
vt 0.91260097 0.43118188
vt 0.91260097 0.24759570
vt 0.91260097 0.43118188
vt 0.91260097 0.43118188
vt 0.91260097 0.43118188
vt 0.91260097 0.43118188
vt 0.91260097 0.43118188
vt 0.91260097 0.43118188
vt 0.91260097 0.24759570
vt 0.91260097 0.24759570
vt 0.91260097 0.43118188
vt 0.91260097 0.43118188
vt 0.91260097 0.24759570
vt 0.91260097 0.24759570
vt 0.91260097 0.24759570
vt 0.91260097 0.24759570
vt 0.91260097 0.24759570
vt 0.91260097 0.24759570
vt 0.91260097 0.43118188
vt 0.91260097 0.24759570
vt 0.91260097 0.24759570
vt 0.91260097 0.43118188
vt 0.91747636 0.24759570
vt 0.91747636 0.43118188
vt 0.91747636 0.43118188
vt 0.91747636 0.24759570
vt 0.91747636 0.43118188
vt 0.91747636 0.43118188
vt 0.91747636 0.43118188
vt 0.91747636 0.43118188
vt 0.91747636 0.43118188
vt 0.91747636 0.43118188
vt 0.91747636 0.24759570
vt 0.91747636 0.43118188
vt 0.91747636 0.24759570
vt 0.91747636 0.24759570
vt 0.91747636 0.43118188
vt 0.91747636 0.24759570
vt 0.91747636 0.24759570
vt 0.91747636 0.24759570
vt 0.91747636 0.24759570
vt 0.91747636 0.24759570
vt 0.91747636 0.43118188
vt 0.91747636 0.24759570
vt 0.91747636 0.24759570
vt 0.91747636 0.43118188
vt 0.91747926 0.24759570
vt 0.91747926 0.24759570
vt 0.91747926 0.24759570
vt 0.91747926 0.24759570
vt 0.91747926 0.24759570
vt 0.91747926 0.24759570
vt 0.91747926 0.43118188
vt 0.91747926 0.24759570
vt 0.91747926 0.24759570
vt 0.91747926 0.43118188
vt 0.91747926 0.24759570
vt 0.91747926 0.43118188
vt 0.91747926 0.24759570
vt 0.91747926 0.24759570
vt 0.91747926 0.43118188
vt 0.91747926 0.43118188
vt 0.91747926 0.43118188
vt 0.91747926 0.24759570
vt 0.91747926 0.43118188
vt 0.91747926 0.43118188
vt 0.91747926 0.43118188
vt 0.91747926 0.43118188
vt 0.91747926 0.43118188
vt 0.91747926 0.43118188
vt 0.92362592 0.97635742
vt 0.92362592 0.97635742
vt 0.92362592 0.98125000
vt 0.92362592 0.97635742
vt 0.92362592 0.98125000
vt 0.92362592 0.98125000
vt 0.92362592 0.98125000
vt 0.92362592 0.97635742
vt 0.92362592 0.97635742
vt 0.92362592 0.97635742
vt 0.92362592 0.97635742
vt 0.92362592 0.97635742
vt 0.92362592 0.97635742
vt 0.92362592 0.98125000
vt 0.92362592 0.97635742
vt 0.92362592 0.97635742
vt 0.92362592 0.97635742
vt 0.92362592 0.98125000
vt 0.92362592 0.97635742
vt 0.92362592 0.97635742
vt 0.92362592 0.98125000
vt 0.92362592 0.97635742
vt 0.92362592 0.98125000
vt 0.92362592 0.97635742
vt 0.92437425 4.4455009e-2
vt 0.92437425 4.4455009e-2
vt 0.92437425 4.4455009e-2
vt 0.92437425 4.4455009e-2
vt 0.92437425 0.22807210
vt 0.92437425 0.22807210
vt 0.92437425 0.22807210
vt 0.92437425 4.4455009e-2
vt 0.92437425 0.22807210
vt 0.92437425 0.22807210
vt 0.92851850 0.97635742
vt 0.92851850 0.97635742
vt 0.92851850 0.98125000
vt 0.92851850 0.98125000
vt 0.92851850 0.97635742
vt 0.92851850 0.97635742
vt 0.92851850 0.98125000
vt 0.92851850 0.97635742
vt 0.92851850 0.97635742
vt 0.92851850 0.98125000
vt 0.92851850 0.97635742
vt 0.92851850 0.97635742
vt 0.92851850 0.98125000
vt 0.92851850 0.98125000
vt 0.92851850 0.97635742
vt 0.92851850 0.97635742
vt 0.92851850 0.97635742
vt 0.92851850 0.98125000
vt 0.92851850 0.98125000
vt 0.92851850 0.97635742
vt 0.92851850 0.97635742
vt 0.92851850 0.97635742
vt 0.92851850 0.97635742
vt 0.92851850 0.98125000
vt 0.92851850 0.97635742
vt 0.92851850 0.97635742
vt 0.92851850 0.98125000
vt 0.92851850 0.98125000
vt 0.97223386 4.4455009e-2
vt 0.97223386 4.4455009e-2
vt 0.97223386 4.4455009e-2
vt 0.97223386 4.4455009e-2
vt 0.97223386 0.22807210
vt 0.97223386 0.22807210
vt 0.97223386 4.4455009e-2
vt 0.97223386 0.22807210
vt 0.97223386 0.22807210
vt 0.97223386 0.22807210
vn 0.0000000e+0 -1.00000000 0.0000000e+0
vn 0.0000000e+0 1.00000000 0.0000000e+0
vn 0.0000000e+0 -1.00000000 0.0000000e+0
vn 0.0000000e+0 1.00000000 0.0000000e+0
vn 0.0000000e+0 -1.00000000 0.0000000e+0
vn 0.0000000e+0 1.00000000 0.0000000e+0
vn 0.0000000e+0 -1.00000000 0.0000000e+0
vn 0.0000000e+0 1.00000000 0.0000000e+0
vn 0.0000000e+0 -1.00000000 0.0000000e+0
vn 0.0000000e+0 1.00000000 0.0000000e+0
vn 0.0000000e+0 -1.00000000 0.0000000e+0
vn 0.0000000e+0 1.00000000 0.0000000e+0
vn 0.0000000e+0 -1.00000000 0.0000000e+0
vn 0.0000000e+0 1.00000000 0.0000000e+0
vn 0.0000000e+0 -1.00000000 0.0000000e+0
vn 0.0000000e+0 1.00000000 0.0000000e+0
vn 0.0000000e+0 -1.00000000 0.0000000e+0
vn 0.0000000e+0 1.00000000 0.0000000e+0
vn 0.0000000e+0 -1.00000000 0.0000000e+0
vn 0.0000000e+0 1.00000000 0.0000000e+0
vn 0.0000000e+0 -1.00000000 0.0000000e+0
vn 0.0000000e+0 1.00000000 0.0000000e+0
vn 0.0000000e+0 -1.00000000 0.0000000e+0
vn 0.0000000e+0 1.00000000 0.0000000e+0
vn 0.0000000e+0 -1.00000000 0.0000000e+0
vn 0.0000000e+0 1.00000000 0.0000000e+0
vn 0.0000000e+0 -1.00000000 0.0000000e+0
vn 0.0000000e+0 1.00000000 0.0000000e+0
vn 0.0000000e+0 -1.00000000 0.0000000e+0
vn 0.0000000e+0 1.00000000 0.0000000e+0
vn 0.0000000e+0 -1.00000000 0.0000000e+0
vn 0.0000000e+0 1.00000000 0.0000000e+0
vn 0.0000000e+0 -1.00000000 0.0000000e+0
vn 0.0000000e+0 1.00000000 0.0000000e+0
vn 0.0000000e+0 -1.00000000 0.0000000e+0
vn 0.0000000e+0 1.00000000 0.0000000e+0
vn 0.0000000e+0 -1.00000000 0.0000000e+0
vn 0.0000000e+0 1.00000000 0.0000000e+0
vn 0.0000000e+0 -1.00000000 0.0000000e+0
vn 0.0000000e+0 1.00000000 0.0000000e+0
vn 0.0000000e+0 -1.00000000 0.0000000e+0
vn 0.0000000e+0 1.00000000 0.0000000e+0
vn 0.0000000e+0 -1.00000000 0.0000000e+0
vn 0.0000000e+0 1.00000000 0.0000000e+0
vn 0.0000000e+0 -1.00000000 0.0000000e+0
vn 0.0000000e+0 1.00000000 0.0000000e+0
vn 0.0000000e+0 -1.00000000 0.0000000e+0
vn 0.0000000e+0 1.00000000 0.0000000e+0
vn 1.00000000 0.0000000e+0 -2.5195570e-16
vn 0.96592583 0.0000000e+0 0.25881905
vn 0.86602540 0.0000000e+0 0.50000000
vn 0.70710678 0.0000000e+0 0.70710678
vn 0.50000000 0.0000000e+0 0.86602540
vn 0.25881905 0.0000000e+0 0.96592583
vn 1.5397293e-16 0.0000000e+0 1.00000000
vn -0.25881905 0.0000000e+0 0.96592583
vn -0.50000000 0.0000000e+0 0.86602540
vn -0.70710678 0.0000000e+0 0.70710678
vn -0.86602540 0.0000000e+0 0.50000000
vn -0.96592583 0.0000000e+0 0.25881905
vn -1.00000000 0.0000000e+0 3.4993847e-16
vn -0.96592583 0.0000000e+0 -0.25881905
vn -0.86602540 0.0000000e+0 -0.50000000
vn -0.70710678 0.0000000e+0 -0.70710678
vn -0.50000000 0.0000000e+0 -0.86602540
vn -0.25881905 0.0000000e+0 -0.96592583
vn -4.7591632e-16 0.0000000e+0 -1.00000000
vn 0.25881905 0.0000000e+0 -0.96592583
vn 0.50000000 0.0000000e+0 -0.86602540
vn 0.70710678 0.0000000e+0 -0.70710678
vn 0.86602540 0.0000000e+0 -0.50000000
vn 0.96592583 0.0000000e+0 -0.25881905
vn 1.00000000 0.0000000e+0 -2.5195570e-16
vn 0.96592583 0.0000000e+0 0.25881905
vn 0.86602540 0.0000000e+0 0.50000000
vn 0.70710678 0.0000000e+0 0.70710678
vn 0.50000000 0.0000000e+0 0.86602540
vn 0.25881905 0.0000000e+0 0.96592583
vn 1.5397293e-16 0.0000000e+0 1.00000000
vn -0.25881905 0.0000000e+0 0.96592583
vn -0.50000000 0.0000000e+0 0.86602540
vn -0.70710678 0.0000000e+0 0.70710678
vn -0.86602540 0.0000000e+0 0.50000000
vn -0.96592583 0.0000000e+0 0.25881905
vn -1.00000000 0.0000000e+0 3.4993847e-16
vn -0.96592583 0.0000000e+0 -0.25881905
vn -0.86602540 0.0000000e+0 -0.50000000
vn -0.70710678 0.0000000e+0 -0.70710678
vn -0.50000000 0.0000000e+0 -0.86602540
vn -0.25881905 0.0000000e+0 -0.96592583
vn -4.7591632e-16 0.0000000e+0 -1.00000000
vn 0.25881905 0.0000000e+0 -0.96592583
vn 0.50000000 0.0000000e+0 -0.86602540
vn 0.70710678 0.0000000e+0 -0.70710678
vn 0.86602540 0.0000000e+0 -0.50000000
vn 0.96592583 0.0000000e+0 -0.25881905
vn 0.0000000e+0 -1.00000000 0.0000000e+0
vn 0.99144486 2.4719810e-16 -0.13052619
vn -0.13052619 1.9096414e-15 -0.99144486
vn 0.0000000e+0 -1.00000000 0.0000000e+0
vn -0.13052619 1.9096414e-15 -0.99144486
vn 0.0000000e+0 1.00000000 0.0000000e+0
vn 0.99144486 2.4719810e-16 -0.13052619
vn -0.13052619 1.9096414e-15 -0.99144486
vn 0.0000000e+0 1.00000000 0.0000000e+0
vn -0.13052619 1.9096414e-15 -0.99144486
vn 0.0000000e+0 -1.00000000 0.0000000e+0
vn 0.99144486 2.4719810e-16 -0.13052619
vn 0.13052619 -1.9388426e-15 0.99144486
vn 0.0000000e+0 -1.00000000 0.0000000e+0
vn 0.13052619 -1.9388426e-15 0.99144486
vn 0.0000000e+0 1.00000000 0.0000000e+0
vn 0.99144486 2.4719810e-16 -0.13052619
vn 0.13052619 -1.9388426e-15 0.99144486
vn 0.0000000e+0 1.00000000 0.0000000e+0
vn 0.13052619 -1.9388426e-15 0.99144486
vn 0.0000000e+0 -1.00000000 0.0000000e+0
vn 1.00000000 0.0000000e+0 0.0000000e+0
vn 0.0000000e+0 1.9021821e-15 -1.00000000
vn 0.0000000e+0 -1.00000000 0.0000000e+0
vn 1.00000000 0.0000000e+0 0.0000000e+0
vn 0.0000000e+0 1.9021821e-15 -1.00000000
vn 0.0000000e+0 1.00000000 0.0000000e+0
vn 0.0000000e+0 1.00000000 0.0000000e+0
vn 0.0000000e+0 -1.00000000 0.0000000e+0
vn 1.00000000 0.0000000e+0 0.0000000e+0
vn 0.0000000e+0 -1.00000000 0.0000000e+0
vn 0.0000000e+0 -1.9021821e-15 1.00000000
vn 1.00000000 0.0000000e+0 0.0000000e+0
vn 0.0000000e+0 -1.9021821e-15 1.00000000
vn 0.0000000e+0 1.00000000 0.0000000e+0
vn 0.0000000e+0 1.00000000 0.0000000e+0
vn 0.0000000e+0 -1.9021821e-15 1.00000000
vn 0.0000000e+0 1.00000000 0.0000000e+0
vn 0.0000000e+0 -1.00000000 0.0000000e+0
vn 0.0000000e+0 -1.9021821e-15 1.00000000
vn 0.0000000e+0 1.9021821e-15 -1.00000000
vn 0.0000000e+0 -1.00000000 0.0000000e+0
vn 0.0000000e+0 1.9021821e-15 -1.00000000
vn 0.0000000e+0 1.00000000 0.0000000e+0
vn 0.0000000e+0 -1.00000000 0.0000000e+0
vn 0.99144486 -2.5124578e-16 0.13052619
vn 0.13052619 1.8214596e-15 -0.99144486
vn 0.0000000e+0 -1.00000000 0.0000000e+0
vn 0.13052619 1.8214596e-15 -0.99144486
vn 0.0000000e+0 1.00000000 0.0000000e+0
vn 0.99144486 -2.5124578e-16 0.13052619
vn 0.13052619 1.8214596e-15 -0.99144486
vn 0.0000000e+0 1.00000000 0.0000000e+0
vn 0.13052619 1.8214596e-15 -0.99144486
vn 0.0000000e+0 -1.00000000 0.0000000e+0
vn 0.99144486 -2.5124578e-16 0.13052619
vn -0.13052619 -2.0417695e-15 0.99144486
vn 0.0000000e+0 -1.00000000 0.0000000e+0
vn -0.13052619 -2.0417695e-15 0.99144486
vn 0.0000000e+0 1.00000000 0.0000000e+0
vn 0.99144486 -2.5124578e-16 0.13052619
vn -0.13052619 -2.0417695e-15 0.99144486
vn 0.0000000e+0 1.00000000 0.0000000e+0
vn -0.13052619 -2.0417695e-15 0.99144486
vn 0.0000000e+0 -1.00000000 0.0000000e+0
vn 0.96592583 -2.3129646e-18 0.25881905
vn 0.25881905 1.9200085e-15 -0.96592583
vn 0.0000000e+0 -1.00000000 0.0000000e+0
vn 0.96592583 -2.3129646e-18 0.25881905
vn 0.25881905 1.9200085e-15 -0.96592583
vn 0.0000000e+0 1.00000000 0.0000000e+0
vn 0.0000000e+0 1.00000000 0.0000000e+0
vn 0.0000000e+0 -1.00000000 0.0000000e+0
vn 0.96592583 -2.3129646e-18 0.25881905
vn 0.0000000e+0 -1.00000000 0.0000000e+0
vn -0.25881905 -1.9569004e-15 0.96592583
vn 0.96592583 -2.3129646e-18 0.25881905
vn -0.25881905 -1.9569004e-15 0.96592583
vn 0.0000000e+0 1.00000000 0.0000000e+0
vn 0.0000000e+0 1.00000000 0.0000000e+0
vn -0.25881905 -1.9569004e-15 0.96592583
vn 0.0000000e+0 1.00000000 0.0000000e+0
vn 0.0000000e+0 -1.00000000 0.0000000e+0
vn -0.25881905 -1.9569004e-15 0.96592583
vn 0.25881905 1.9200085e-15 -0.96592583
vn 0.0000000e+0 -1.00000000 0.0000000e+0
vn 0.25881905 1.9200085e-15 -0.96592583
vn 0.0000000e+0 1.00000000 0.0000000e+0
vn 0.0000000e+0 -1.00000000 0.0000000e+0
vn 0.13052619 1.0495077e-16 -0.99144486
vn -0.99144486 1.7055223e-15 -0.13052619
vn 0.0000000e+0 -1.00000000 0.0000000e+0
vn -0.99144486 1.7055223e-15 -0.13052619
vn 0.0000000e+0 1.00000000 0.0000000e+0
vn 0.13052619 1.0495077e-16 -0.99144486
vn -0.99144486 1.7055223e-15 -0.13052619
vn 0.0000000e+0 1.00000000 0.0000000e+0
vn -0.99144486 1.7055223e-15 -0.13052619
vn 0.0000000e+0 -1.00000000 0.0000000e+0
vn 0.13052619 1.0495077e-16 -0.99144486
vn 0.99144486 -2.1212777e-15 0.13052619
vn 0.0000000e+0 -1.00000000 0.0000000e+0
vn 0.99144486 -2.1212777e-15 0.13052619
vn 0.0000000e+0 1.00000000 0.0000000e+0
vn 0.13052619 1.0495077e-16 -0.99144486
vn 0.99144486 -2.1212777e-15 0.13052619
vn 0.0000000e+0 1.00000000 0.0000000e+0
vn 0.99144486 -2.1212777e-15 0.13052619
vn 0.0000000e+0 -1.00000000 0.0000000e+0
vn 0.25881905 -1.5149918e-16 -0.96592583
vn -0.96592583 2.3795302e-15 -0.25881905
vn 0.0000000e+0 -1.00000000 0.0000000e+0
vn 0.25881905 -1.5149918e-16 -0.96592583
vn -0.96592583 2.3795302e-15 -0.25881905
vn 0.0000000e+0 1.00000000 0.0000000e+0
vn 0.0000000e+0 1.00000000 0.0000000e+0
vn 0.0000000e+0 -1.00000000 0.0000000e+0
vn 0.25881905 -1.5149918e-16 -0.96592583
vn 0.0000000e+0 -1.00000000 0.0000000e+0
vn 0.96592583 -1.9986751e-15 0.25881905
vn 0.25881905 -1.5149918e-16 -0.96592583
vn 0.96592583 -1.9986751e-15 0.25881905
vn 0.0000000e+0 1.00000000 0.0000000e+0
vn 0.0000000e+0 1.00000000 0.0000000e+0
vn 0.96592583 -1.9986751e-15 0.25881905
vn 0.0000000e+0 1.00000000 0.0000000e+0
vn 0.0000000e+0 -1.00000000 0.0000000e+0
vn 0.96592583 -1.9986751e-15 0.25881905
vn -0.96592583 2.3795302e-15 -0.25881905
vn 0.0000000e+0 -1.00000000 0.0000000e+0
vn -0.96592583 2.3795302e-15 -0.25881905
vn 0.0000000e+0 1.00000000 0.0000000e+0
vn 0.0000000e+0 -1.00000000 0.0000000e+0
vn 0.92387953 -2.5384787e-16 0.38268343
vn 0.38268343 1.7399276e-15 -0.92387953
vn 0.0000000e+0 -1.00000000 0.0000000e+0
vn 0.38268343 1.7399276e-15 -0.92387953
vn 0.0000000e+0 1.00000000 0.0000000e+0
vn 0.92387953 -2.5384787e-16 0.38268343
vn 0.38268343 1.7399276e-15 -0.92387953
vn 0.0000000e+0 1.00000000 0.0000000e+0
vn 0.38268343 1.7399276e-15 -0.92387953
vn 0.0000000e+0 -1.00000000 0.0000000e+0
vn 0.92387953 -2.5384787e-16 0.38268343
vn -0.38268343 -2.0221093e-15 0.92387953
vn 0.0000000e+0 -1.00000000 0.0000000e+0
vn -0.38268343 -2.0221093e-15 0.92387953
vn 0.0000000e+0 1.00000000 0.0000000e+0
vn 0.92387953 -2.5384787e-16 0.38268343
vn -0.38268343 -2.0221093e-15 0.92387953
vn 0.0000000e+0 1.00000000 0.0000000e+0
vn -0.38268343 -2.0221093e-15 0.92387953
vn 0.0000000e+0 -1.00000000 0.0000000e+0
vn 0.86602540 3.5850952e-17 0.50000000
vn 0.50000000 1.9194660e-15 -0.86602540
vn 0.0000000e+0 -1.00000000 0.0000000e+0
vn 0.86602540 3.5850952e-17 0.50000000
vn 0.50000000 1.9194660e-15 -0.86602540
vn 0.0000000e+0 1.00000000 0.0000000e+0
vn 0.0000000e+0 1.00000000 0.0000000e+0
vn 0.0000000e+0 -1.00000000 0.0000000e+0
vn 0.86602540 3.5850952e-17 0.50000000
vn 0.0000000e+0 -1.00000000 0.0000000e+0
vn -0.50000000 -1.9248913e-15 0.86602540
vn 0.86602540 3.5850952e-17 0.50000000
vn -0.50000000 -1.9248913e-15 0.86602540
vn 0.0000000e+0 1.00000000 0.0000000e+0
vn 0.0000000e+0 1.00000000 0.0000000e+0
vn -0.50000000 -1.9248913e-15 0.86602540
vn 0.0000000e+0 1.00000000 0.0000000e+0
vn 0.0000000e+0 -1.00000000 0.0000000e+0
vn -0.50000000 -1.9248913e-15 0.86602540
vn 0.50000000 1.9194660e-15 -0.86602540
vn 0.0000000e+0 -1.00000000 0.0000000e+0
vn 0.50000000 1.9194660e-15 -0.86602540
vn 0.0000000e+0 1.00000000 0.0000000e+0
vn 0.0000000e+0 -1.00000000 0.0000000e+0
vn 0.38268343 4.1055122e-17 -0.92387953
vn -0.92387953 1.8717666e-15 -0.38268343
vn 0.0000000e+0 -1.00000000 0.0000000e+0
vn -0.92387953 1.8717666e-15 -0.38268343
vn 0.0000000e+0 1.00000000 0.0000000e+0
vn 0.38268343 4.1055122e-17 -0.92387953
vn -0.92387953 1.8717666e-15 -0.38268343
vn 0.0000000e+0 1.00000000 0.0000000e+0
vn -0.92387953 1.8717666e-15 -0.38268343
vn 0.0000000e+0 -1.00000000 0.0000000e+0
vn 0.38268343 4.1055122e-17 -0.92387953
vn 0.92387953 -2.1955817e-15 0.38268343
vn 0.0000000e+0 -1.00000000 0.0000000e+0
vn 0.92387953 -2.1955817e-15 0.38268343
vn 0.0000000e+0 1.00000000 0.0000000e+0
vn 0.38268343 4.1055122e-17 -0.92387953
vn 0.92387953 -2.1955817e-15 0.38268343
vn 0.0000000e+0 1.00000000 0.0000000e+0
vn 0.92387953 -2.1955817e-15 0.38268343
vn 0.0000000e+0 -1.00000000 0.0000000e+0
vn 0.50000000 1.0986582e-16 -0.86602540
vn -0.86602540 1.8500223e-15 -0.50000000
vn 0.0000000e+0 -1.00000000 0.0000000e+0
vn 0.50000000 1.0986582e-16 -0.86602540
vn -0.86602540 1.8500223e-15 -0.50000000
vn 0.0000000e+0 1.00000000 0.0000000e+0
vn 0.0000000e+0 1.00000000 0.0000000e+0
vn 0.0000000e+0 -1.00000000 0.0000000e+0
vn 0.50000000 1.0986582e-16 -0.86602540
vn 0.0000000e+0 -1.00000000 0.0000000e+0
vn 0.86602540 -1.8228959e-15 0.50000000
vn 0.50000000 1.0986582e-16 -0.86602540
vn 0.86602540 -1.8228959e-15 0.50000000
vn 0.0000000e+0 1.00000000 0.0000000e+0
vn 0.0000000e+0 1.00000000 0.0000000e+0
vn 0.86602540 -1.8228959e-15 0.50000000
vn 0.0000000e+0 1.00000000 0.0000000e+0
vn 0.0000000e+0 -1.00000000 0.0000000e+0
vn 0.86602540 -1.8228959e-15 0.50000000
vn -0.86602540 1.8500223e-15 -0.50000000
vn 0.0000000e+0 -1.00000000 0.0000000e+0
vn -0.86602540 1.8500223e-15 -0.50000000
vn 0.0000000e+0 1.00000000 0.0000000e+0
vn 0.0000000e+0 -1.00000000 0.0000000e+0
vn 0.79335334 2.3129646e-18 0.60876143
vn 0.60876143 1.8954745e-15 -0.79335334
vn 0.0000000e+0 -1.00000000 0.0000000e+0
vn 0.60876143 1.8954745e-15 -0.79335334
vn 0.0000000e+0 1.00000000 0.0000000e+0
vn 0.79335334 2.3129646e-18 0.60876143
vn 0.60876143 1.8954745e-15 -0.79335334
vn 0.0000000e+0 1.00000000 0.0000000e+0
vn 0.60876143 1.8954745e-15 -0.79335334
vn 0.0000000e+0 -1.00000000 0.0000000e+0
vn 0.79335334 2.3129646e-18 0.60876143
vn -0.60876143 -1.9891496e-15 0.79335334
vn 0.0000000e+0 -1.00000000 0.0000000e+0
vn -0.60876143 -1.9891496e-15 0.79335334
vn 0.0000000e+0 1.00000000 0.0000000e+0
vn 0.79335334 2.3129646e-18 0.60876143
vn -0.60876143 -1.9891496e-15 0.79335334
vn 0.0000000e+0 1.00000000 0.0000000e+0
vn -0.60876143 -1.9891496e-15 0.79335334
