# Exported from Wings 3D 1.5.4
mtllib blue_streak_fuel_tank_s1p5_2.mtl
o mesh1
#400 vertices, 304 faces
v 0.84437651 -0.22500000 -0.39034191
v 0.87307777 -0.22500000 -0.32105094
v 0.84437651 -7.5000000e-2 -0.39034191
v 0.87307777 -7.5000000e-2 -0.32105094
v 0.86747350 -0.22500000 -0.39990900
v 0.89617476 -0.22500000 -0.33061803
v 0.86747350 -7.5000000e-2 -0.39990900
v 0.89617476 -7.5000000e-2 -0.33061803
v 0.87307777 7.5000000e-2 0.32105094
v 0.84437651 7.5000000e-2 0.39034191
v 0.87307777 0.22500000 0.32105094
v 0.84437651 0.22500000 0.39034191
v 0.89617476 7.5000000e-2 0.33061803
v 0.86747350 7.5000000e-2 0.39990900
v 0.89617476 0.22500000 0.33061803
v 0.86747350 0.22500000 0.39990900
v -0.87307777 7.5000000e-2 -0.32105094
v -0.84437651 7.5000000e-2 -0.39034191
v -0.87307777 0.22500000 -0.32105094
v -0.84437651 0.22500000 -0.39034191
v -0.89617476 7.5000000e-2 -0.33061803
v -0.86747350 7.5000000e-2 -0.39990900
v -0.89617476 0.22500000 -0.33061803
v -0.86747350 0.22500000 -0.39990900
v 0.32105094 7.5000000e-2 -0.87307777
v 0.39034191 7.5000000e-2 -0.84437651
v 0.32105094 0.22500000 -0.87307777
v 0.39034191 0.22500000 -0.84437651
v 0.33061803 7.5000000e-2 -0.89617476
v 0.39990900 7.5000000e-2 -0.86747350
v 0.33061803 0.22500000 -0.89617476
v 0.39990900 0.22500000 -0.86747350
v -0.32105094 7.5000000e-2 0.87307777
v -0.39034191 7.5000000e-2 0.84437651
v -0.32105094 0.22500000 0.87307777
v -0.39034191 0.22500000 0.84437651
v -0.33061803 7.5000000e-2 0.89617476
v -0.39990900 7.5000000e-2 0.86747350
v -0.33061803 0.22500000 0.89617476
v -0.39990900 0.22500000 0.86747350
v -0.84437651 -0.22500000 0.39034191
v -0.87307777 -0.22500000 0.32105094
v -0.84437651 -7.5000000e-2 0.39034191
v -0.87307777 -7.5000000e-2 0.32105094
v -0.86747350 -0.22500000 0.39990900
v -0.89617476 -0.22500000 0.33061803
v -0.86747350 -7.5000000e-2 0.39990900
v -0.89617476 -7.5000000e-2 0.33061803
v 0.93750000 0.93750000 -2.0961242e-18
v 0.90555546 0.93750000 0.24264285
v 0.81189882 0.93750000 0.46875000
v 0.66291261 0.93750000 0.66291261
v 0.46875000 0.93750000 0.81189882
v 0.24264285 0.93750000 0.90555546
v 4.8731701e-17 0.93750000 0.93750000
v -0.24264285 0.93750000 0.90555546
v -0.46875000 0.93750000 0.81189882
v -0.66291261 0.93750000 0.66291261
v -0.81189882 0.93750000 0.46875000
v -0.90555546 0.93750000 0.24264285
v -0.93750000 0.93750000 1.1271451e-16
v -0.90555546 0.93750000 -0.24264285
v -0.81189882 0.93750000 -0.46875000
v -0.66291261 0.93750000 -0.66291261
v -0.46875000 0.93750000 -0.81189882
v -0.24264285 0.93750000 -0.90555546
v -1.8088957e-16 0.93750000 -0.93750000
v 0.24264285 0.93750000 -0.90555546
v 0.46875000 0.93750000 -0.81189882
v 0.66291261 0.93750000 -0.66291261
v 0.81189882 0.93750000 -0.46875000
v 0.90555546 0.93750000 -0.24264285
v 0.93750000 0.0000000e+0 -2.0961242e-18
v 0.90555546 0.0000000e+0 0.24264285
v 0.81189882 0.0000000e+0 0.46875000
v 0.66291261 0.0000000e+0 0.66291261
v 0.46875000 0.0000000e+0 0.81189882
v 0.24264285 0.0000000e+0 0.90555546
v 4.8731701e-17 0.0000000e+0 0.93750000
v -0.24264285 0.0000000e+0 0.90555546
v -0.46875000 0.0000000e+0 0.81189882
v -0.66291261 0.0000000e+0 0.66291261
v -0.81189882 0.0000000e+0 0.46875000
v -0.90555546 0.0000000e+0 0.24264285
v -0.93750000 0.0000000e+0 1.1271451e-16
v -0.90555546 0.0000000e+0 -0.24264285
v -0.81189882 0.0000000e+0 -0.46875000
v -0.66291261 0.0000000e+0 -0.66291261
v -0.46875000 0.0000000e+0 -0.81189882
v -0.24264285 0.0000000e+0 -0.90555546
v -1.8088957e-16 0.0000000e+0 -0.93750000
v 0.24264285 0.0000000e+0 -0.90555546
v 0.46875000 0.0000000e+0 -0.81189882
v 0.66291261 0.0000000e+0 -0.66291261
v 0.81189882 0.0000000e+0 -0.46875000
v 0.90555546 0.0000000e+0 -0.24264285
v 0.93750000 0.0000000e+0 -2.0961242e-18
v 0.90555546 0.0000000e+0 0.24264285
v 0.81189882 0.0000000e+0 0.46875000
v 0.66291261 0.0000000e+0 0.66291261
v 0.46875000 0.0000000e+0 0.81189882
v 0.24264285 0.0000000e+0 0.90555546
v 4.8731701e-17 0.0000000e+0 0.93750000
v -0.24264285 0.0000000e+0 0.90555546
v -0.46875000 0.0000000e+0 0.81189882
v -0.66291261 0.0000000e+0 0.66291261
v -0.81189882 0.0000000e+0 0.46875000
v -0.90555546 0.0000000e+0 0.24264285
v -0.93750000 0.0000000e+0 1.1271451e-16
v -0.90555546 0.0000000e+0 -0.24264285
v -0.81189882 0.0000000e+0 -0.46875000
v -0.66291261 0.0000000e+0 -0.66291261
v -0.46875000 0.0000000e+0 -0.81189882
v -0.24264285 0.0000000e+0 -0.90555546
v -1.8088957e-16 0.0000000e+0 -0.93750000
v 0.24264285 0.0000000e+0 -0.90555546
v 0.46875000 0.0000000e+0 -0.81189882
v 0.66291261 0.0000000e+0 -0.66291261
v 0.81189882 0.0000000e+0 -0.46875000
v 0.90555546 0.0000000e+0 -0.24264285
v 0.93750000 -0.93750000 -2.0961242e-18
v 0.90555546 -0.93750000 0.24264285
v 0.81189882 -0.93750000 0.46875000
v 0.66291261 -0.93750000 0.66291261
v 0.46875000 -0.93750000 0.81189882
v 0.24264285 -0.93750000 0.90555546
v 4.8731701e-17 -0.93750000 0.93750000
v -0.24264285 -0.93750000 0.90555546
v -0.46875000 -0.93750000 0.81189882
v -0.66291261 -0.93750000 0.66291261
v -0.81189882 -0.93750000 0.46875000
v -0.90555546 -0.93750000 0.24264285
v -0.93750000 -0.93750000 1.1271451e-16
v -0.90555546 -0.93750000 -0.24264285
v -0.81189882 -0.93750000 -0.46875000
v -0.66291261 -0.93750000 -0.66291261
v -0.46875000 -0.93750000 -0.81189882
v -0.24264285 -0.93750000 -0.90555546
v -1.8088957e-16 -0.93750000 -0.93750000
v 0.24264285 -0.93750000 -0.90555546
v 0.46875000 -0.93750000 -0.81189882
v 0.66291261 -0.93750000 -0.66291261
v 0.81189882 -0.93750000 -0.46875000
v 0.90555546 -0.93750000 -0.24264285
v -0.93293885 -0.88750000 -0.23703926
v -0.93293885 0.88750000 -0.23703926
v -0.92646837 -0.88750000 -0.26118740
v -0.92646837 0.88750000 -0.26118740
v -0.90720112 0.88750000 -0.23014285
v -0.90720112 -0.88750000 -0.23014285
v -0.90555546 -0.88750000 -0.24264285
v -0.90555546 0.88750000 -0.24264285
v -0.90073064 -0.88750000 -0.25429100
v -0.90073064 0.88750000 -0.25429100
v 0.92646837 -0.88750000 0.26118740
v 0.92646837 0.88750000 0.26118740
v 0.93293885 -0.88750000 0.23703926
v 0.93293885 0.88750000 0.23703926
v 0.90073064 0.88750000 0.25429100
v 0.90073064 -0.88750000 0.25429100
v 0.90555546 -0.88750000 0.24264285
v 0.90555546 0.88750000 0.24264285
v 0.90720112 -0.88750000 0.23014285
v 0.90720112 0.88750000 0.23014285
v -0.23703926 -0.88750000 0.93293885
v -0.23703926 0.88750000 0.93293885
v -0.26118740 -0.88750000 0.92646837
v -0.26118740 0.88750000 0.92646837
v -0.23014285 0.88750000 0.90720112
v -0.23014285 -0.88750000 0.90720112
v -0.24264285 -0.88750000 0.90555546
v -0.24264285 0.88750000 0.90555546
v -0.25429100 -0.88750000 0.90073064
v -0.25429100 0.88750000 0.90073064
v 0.26118740 -0.88750000 -0.92646837
v 0.26118740 0.88750000 -0.92646837
v 0.23703926 -0.88750000 -0.93293885
v 0.23703926 0.88750000 -0.93293885
v 0.25429100 0.88750000 -0.90073064
v 0.25429100 -0.88750000 -0.90073064
v 0.24264285 -0.88750000 -0.90555546
v 0.24264285 0.88750000 -0.90555546
v 0.23014285 -0.88750000 -0.90720112
v 0.23014285 0.88750000 -0.90720112
v -0.83979945 -0.88750000 -0.47042468
v -0.83979945 0.88750000 -0.47042468
v -0.82729945 -0.88750000 -0.49207532
v -0.82729945 0.88750000 -0.49207532
v -0.81672364 0.88750000 -0.45710185
v -0.81672364 -0.88750000 -0.45710185
v -0.81189882 -0.88750000 -0.46875000
v -0.81189882 0.88750000 -0.46875000
v -0.80422364 -0.88750000 -0.47875249
v -0.80422364 0.88750000 -0.47875249
v 0.82729945 -0.88750000 0.49207532
v 0.82729945 0.88750000 0.49207532
v 0.83979945 -0.88750000 0.47042468
v 0.83979945 0.88750000 0.47042468
v 0.80422364 0.88750000 0.47875249
v 0.80422364 -0.88750000 0.47875249
v 0.81189882 -0.88750000 0.46875000
v 0.81189882 0.88750000 0.46875000
v 0.81672364 -0.88750000 0.45710185
v 0.81672364 0.88750000 0.45710185
v -0.47042468 -0.88750000 0.83979945
v -0.47042468 0.88750000 0.83979945
v -0.49207532 -0.88750000 0.82729945
v -0.49207532 0.88750000 0.82729945
v -0.45710185 0.88750000 0.81672364
v -0.45710185 -0.88750000 0.81672364
v -0.46875000 -0.88750000 0.81189882
v -0.46875000 0.88750000 0.81189882
v -0.47875249 -0.88750000 0.80422364
v -0.47875249 0.88750000 0.80422364
v 0.49207532 -0.88750000 -0.82729945
v 0.49207532 0.88750000 -0.82729945
v 0.47042468 -0.88750000 -0.83979945
v 0.47042468 0.88750000 -0.83979945
v 0.47875249 0.88750000 -0.80422364
v 0.47875249 -0.88750000 -0.80422364
v 0.46875000 -0.88750000 -0.81189882
v 0.46875000 0.88750000 -0.81189882
v 0.45710185 -0.88750000 -0.81672364
v 0.45710185 0.88750000 -0.81672364
v -0.68942911 -0.88750000 -0.67175144
v -0.68942911 0.88750000 -0.67175144
v -0.67175144 -0.88750000 -0.68942911
v -0.67175144 0.88750000 -0.68942911
v -0.67058779 0.88750000 -0.65291012
v -0.67058779 -0.88750000 -0.65291012
v -0.66291261 -0.88750000 -0.66291261
v -0.66291261 0.88750000 -0.66291261
v -0.65291012 -0.88750000 -0.67058779
v -0.65291012 0.88750000 -0.67058779
v 0.67175144 -0.88750000 0.68942911
v 0.67175144 0.88750000 0.68942911
v 0.68942911 -0.88750000 0.67175144
v 0.68942911 0.88750000 0.67175144
v 0.65291012 0.88750000 0.67058779
v 0.65291012 -0.88750000 0.67058779
v 0.66291261 -0.88750000 0.66291261
v 0.66291261 0.88750000 0.66291261
v 0.67058779 -0.88750000 0.65291012
v 0.67058779 0.88750000 0.65291012
v -0.67175144 -0.88750000 0.68942911
v -0.67175144 0.88750000 0.68942911
v -0.68942911 -0.88750000 0.67175144
v -0.68942911 0.88750000 0.67175144
v -0.65291012 0.88750000 0.67058779
v -0.65291012 -0.88750000 0.67058779
v -0.66291261 -0.88750000 0.66291261
v -0.66291261 0.88750000 0.66291261
v -0.67058779 -0.88750000 0.65291012
v -0.67058779 0.88750000 0.65291012
v 0.68942911 -0.88750000 -0.67175144
v 0.68942911 0.88750000 -0.67175144
v 0.67175144 -0.88750000 -0.68942911
v 0.67175144 0.88750000 -0.68942911
v 0.67058779 0.88750000 -0.65291012
v 0.67058779 -0.88750000 -0.65291012
v 0.66291261 -0.88750000 -0.66291261
v 0.66291261 0.88750000 -0.66291261
v 0.65291012 -0.88750000 -0.67058779
v 0.65291012 0.88750000 -0.67058779
v -0.49207532 -0.88750000 -0.82729945
v -0.49207532 0.88750000 -0.82729945
v -0.47042468 -0.88750000 -0.83979945
v -0.47042468 0.88750000 -0.83979945
v -0.47875249 0.88750000 -0.80422364
v -0.47875249 -0.88750000 -0.80422364
v -0.46875000 -0.88750000 -0.81189882
v -0.46875000 0.88750000 -0.81189882
v -0.45710185 -0.88750000 -0.81672364
v -0.45710185 0.88750000 -0.81672364
v 0.47042468 -0.88750000 0.83979945
v 0.47042468 0.88750000 0.83979945
v 0.49207532 -0.88750000 0.82729945
v 0.49207532 0.88750000 0.82729945
v 0.45710185 0.88750000 0.81672364
v 0.45710185 -0.88750000 0.81672364
v 0.46875000 -0.88750000 0.81189882
v 0.46875000 0.88750000 0.81189882
v 0.47875249 -0.88750000 0.80422364
v 0.47875249 0.88750000 0.80422364
v -0.82729945 -0.88750000 0.49207532
v -0.82729945 0.88750000 0.49207532
v -0.83979945 -0.88750000 0.47042468
v -0.83979945 0.88750000 0.47042468
v -0.80422364 0.88750000 0.47875249
v -0.80422364 -0.88750000 0.47875249
v -0.81189882 -0.88750000 0.46875000
v -0.81189882 0.88750000 0.46875000
v -0.81672364 -0.88750000 0.45710185
v -0.81672364 0.88750000 0.45710185
v 0.83979945 -0.88750000 -0.47042468
v 0.83979945 0.88750000 -0.47042468
v 0.82729945 -0.88750000 -0.49207532
v 0.82729945 0.88750000 -0.49207532
v 0.81672364 0.88750000 -0.45710185
v 0.81672364 -0.88750000 -0.45710185
v 0.81189882 -0.88750000 -0.46875000
v 0.81189882 0.88750000 -0.46875000
v 0.80422364 -0.88750000 -0.47875249
v 0.80422364 0.88750000 -0.47875249
v -0.26118740 -0.88750000 -0.92646837
v -0.26118740 0.88750000 -0.92646837
v -0.23703926 -0.88750000 -0.93293885
v -0.23703926 0.88750000 -0.93293885
v -0.25429100 0.88750000 -0.90073064
v -0.25429100 -0.88750000 -0.90073064
v -0.24264285 -0.88750000 -0.90555546
v -0.24264285 0.88750000 -0.90555546
v -0.23014285 -0.88750000 -0.90720112
v -0.23014285 0.88750000 -0.90720112
v 0.23703926 -0.88750000 0.93293885
v 0.23703926 0.88750000 0.93293885
v 0.26118740 -0.88750000 0.92646837
v 0.26118740 0.88750000 0.92646837
v 0.23014285 0.88750000 0.90720112
v 0.23014285 -0.88750000 0.90720112
v 0.24264285 -0.88750000 0.90555546
v 0.24264285 0.88750000 0.90555546
v 0.25429100 -0.88750000 0.90073064
v 0.25429100 0.88750000 0.90073064
v -0.92646837 -0.88750000 0.26118740
v -0.92646837 0.88750000 0.26118740
v -0.93293885 -0.88750000 0.23703926
v -0.93293885 0.88750000 0.23703926
v -0.90073064 0.88750000 0.25429100
v -0.90073064 -0.88750000 0.25429100
v -0.90555546 -0.88750000 0.24264285
v -0.90555546 0.88750000 0.24264285
v -0.90720112 -0.88750000 0.23014285
v -0.90720112 0.88750000 0.23014285
v 0.93293885 -0.88750000 -0.23703926
v 0.93293885 0.88750000 -0.23703926
v 0.92646837 -0.88750000 -0.26118740
v 0.92646837 0.88750000 -0.26118740
v 0.90720112 0.88750000 -0.23014285
v 0.90720112 -0.88750000 -0.23014285
v 0.90555546 -0.88750000 -0.24264285
v 0.90555546 0.88750000 -0.24264285
v 0.90073064 -0.88750000 -0.25429100
v 0.90073064 0.88750000 -0.25429100
v -1.2500000e-2 -0.88750000 -0.96250000
v -1.2500000e-2 0.88750000 -0.96250000
v 1.2500000e-2 -0.88750000 -0.96250000
v 1.2500000e-2 0.88750000 -0.96250000
v -1.2500000e-2 0.88750000 -0.93585434
v -1.2500000e-2 -0.88750000 -0.93585434
v -2.0469737e-16 -0.88750000 -0.93750000
v -1.7694179e-16 0.88750000 -0.93750000
v 1.2500000e-2 -0.88750000 -0.93585434
v 1.2500000e-2 0.88750000 -0.93585434
v -1.2500000e-2 -0.88750000 0.96250000
v -1.2500000e-2 0.88750000 0.96250000
v 1.2500000e-2 -0.88750000 0.96250000
v 1.2500000e-2 0.88750000 0.96250000
v -1.2500000e-2 0.88750000 0.93585434
v -1.2500000e-2 -0.88750000 0.93585434
v -2.0469737e-16 -0.88750000 0.93750000
v -1.7694179e-16 0.88750000 0.93750000
v 1.2500000e-2 -0.88750000 0.93585434
v 1.2500000e-2 0.88750000 0.93585434
v -0.96250000 -0.88750000 1.2500000e-2
v -0.96250000 0.88750000 1.2500000e-2
v -0.96250000 -0.88750000 -1.2500000e-2
v -0.96250000 0.88750000 -1.2500000e-2
v -0.93585434 0.88750000 1.2500000e-2
v -0.93585434 -0.88750000 1.2500000e-2
v -0.93750000 -0.88750000 6.8188661e-17
v -0.93750000 0.88750000 4.0433085e-17
v -0.93585434 -0.88750000 -1.2500000e-2
v -0.93585434 0.88750000 -1.2500000e-2
v 0.96250000 -0.88750000 1.2500000e-2
v 0.96250000 0.88750000 1.2500000e-2
v 0.96250000 -0.88750000 -1.2500000e-2
v 0.96250000 0.88750000 -1.2500000e-2
v 0.93585434 0.88750000 1.2500000e-2
v 0.93585434 -0.88750000 1.2500000e-2
v 0.93750000 -0.88750000 1.8299930e-16
v 0.93750000 0.88750000 1.5524372e-16
v 0.93585434 -0.88750000 -1.2500000e-2
v 0.93585434 0.88750000 -1.2500000e-2
v -0.39034191 -0.22500000 -0.84437651
v -0.32105094 -0.22500000 -0.87307777
v -0.39034191 -7.5000000e-2 -0.84437651
v -0.32105094 -7.5000000e-2 -0.87307777
v -0.39990900 -0.22500000 -0.86747350
v -0.33061803 -0.22500000 -0.89617476
v -0.39990900 -7.5000000e-2 -0.86747350
v -0.33061803 -7.5000000e-2 -0.89617476
v 0.39034191 -0.22500000 0.84437651
v 0.32105094 -0.22500000 0.87307777
v 0.39034191 -7.5000000e-2 0.84437651
v 0.32105094 -7.5000000e-2 0.87307777
v 0.39990900 -0.22500000 0.86747350
v 0.33061803 -0.22500000 0.89617476
v 0.39990900 -7.5000000e-2 0.86747350
v 0.33061803 -7.5000000e-2 0.89617476
vt 1.8750000e-2 1.9015614e-2
vt 1.8750000e-2 0.20162619
vt 1.8750000e-2 0.20162619
vt 1.8802357e-2 1.9015614e-2
vt 1.8802357e-2 1.9015614e-2
vt 1.8802357e-2 0.20162619
vt 1.8802357e-2 0.20162619
vt 6.6567833e-2 1.9015614e-2
vt 6.6567833e-2 0.20162619
vt 6.6567833e-2 1.9015614e-2
vt 6.6567833e-2 0.20162619
vt 6.6620189e-2 1.9015614e-2
vt 6.6620189e-2 1.9015614e-2
vt 6.6620189e-2 0.20162619
vt 6.6620189e-2 0.20162619
vt 0.11438567 1.9015614e-2
vt 0.11438567 1.9015614e-2
vt 0.11438567 0.20162619
vt 0.11438567 0.20162619
vt 0.11443802 1.9015614e-2
vt 0.11443802 0.20162619
vt 0.11443802 1.9015614e-2
vt 0.11443802 0.20162619
vt 0.16220350 1.9015614e-2
vt 0.16220350 0.20162619
vt 0.16225585 1.9015614e-2
vt 0.16225585 1.9015614e-2
vt 0.16225585 0.20162619
vt 0.16225585 0.20162619
vt 0.21002133 1.9015614e-2
vt 0.21002133 0.20162619
vt 0.21002133 0.20162619
vt 0.21002133 1.9015614e-2
vt 0.21007369 1.9015614e-2
vt 0.21007369 0.20162619
vt 0.21007369 1.9015614e-2
vt 0.21007369 0.20162619
vt 0.25783916 1.9015614e-2
vt 0.25783916 0.20162619
vt 0.25783916 0.20162619
vt 0.25783916 1.9015614e-2
vt 0.25789152 1.9015614e-2
vt 0.25789152 0.20162619
vt 0.25789152 1.9015614e-2
vt 0.25789152 0.20162619
vt 0.30555918 1.9015614e-2
vt 0.30555918 1.9015614e-2
vt 0.30555918 0.20162619
vt 0.30555918 0.20162619
vt 0.30560960 1.9015614e-2
vt 0.30560960 0.20162619
vt 0.30560960 1.9015614e-2
vt 0.30560960 0.20162619
vt 0.30565700 1.9015614e-2
vt 0.30565700 1.9015614e-2
vt 0.30565700 0.20162619
vt 0.30570935 1.9015614e-2
vt 0.30570935 0.20162619
vt 0.30570935 1.9015614e-2
vt 0.30570935 0.20162619
vt 0.35337701 0.20162619
vt 0.35337701 1.9015614e-2
vt 0.35337701 1.9015614e-2
vt 0.35337701 0.20162619
vt 0.35342744 1.9015614e-2
vt 0.35342744 0.20162619
vt 0.35342744 1.9015614e-2
vt 0.35342744 0.20162619
vt 0.40119484 0.20162619
vt 0.40119484 1.9015614e-2
vt 0.40119484 1.9015614e-2
vt 0.40119484 0.20162619
vt 0.40124527 1.9015614e-2
vt 0.40124527 0.20162619
vt 0.40124527 1.9015614e-2
vt 0.40124527 0.20162619
vt 0.44901267 1.9015614e-2
vt 0.44901267 0.20162619
vt 0.44901267 1.9015614e-2
vt 0.44901267 0.20162619
vt 0.44906310 1.9015614e-2
vt 0.44906310 1.9015614e-2
vt 0.44906310 0.20162619
vt 0.44906310 0.20162619
vt 0.49683051 1.9015614e-2
vt 0.49683051 1.9015614e-2
vt 0.49683051 0.20162619
vt 0.49683051 0.20162619
vt 0.49688093 1.9015614e-2
vt 0.49688093 0.20162619
vt 0.49688093 1.9015614e-2
vt 0.49688093 0.20162619
vt 0.54464834 1.9015614e-2
vt 0.54464834 1.9015614e-2
vt 0.54464834 0.20162619
vt 0.54464834 0.20162619
vt 0.54469877 1.9015614e-2
vt 0.54469877 1.9015614e-2
vt 0.54469877 0.20162619
vt 0.54469877 0.20162619
vt 0.59246617 1.9015614e-2
vt 0.59246617 1.9015614e-2
vt 0.59246617 0.20162619
vt 0.59246617 0.20162619
vt 0.59251660 1.9015614e-2
vt 0.59251660 1.9015614e-2
vt 0.59251660 0.20162619
vt 0.59251660 0.20162619
vt 0.64608956 9.2738110e-2
vt 0.64608956 9.2738110e-2
vt 0.64608956 9.2738110e-2
vt 0.64608956 0.12118143
vt 0.64608956 0.12118143
vt 0.64608956 0.12118143
vt 0.64608956 0.19427408
vt 0.64608956 0.19427408
vt 0.64608956 0.19427408
vt 0.64608956 0.22271740
vt 0.64608956 0.22271740
vt 0.64608956 0.22271740
vt 0.65083012 8.7997557e-2
vt 0.65083012 8.7997557e-2
vt 0.65083012 8.7997557e-2
vt 0.65083012 9.2738110e-2
vt 0.65083012 9.2738110e-2
vt 0.65083012 9.2738110e-2
vt 0.65083012 0.12118143
vt 0.65083012 0.12118143
vt 0.65083012 0.12118143
vt 0.65083012 0.12592198
vt 0.65083012 0.12592198
vt 0.65083012 0.18953353
vt 0.65083012 0.18953353
vt 0.65083012 0.18953353
vt 0.65083012 0.19427408
vt 0.65083012 0.19427408
vt 0.65083012 0.19427408
vt 0.65083012 0.22271740
vt 0.65083012 0.22271740
vt 0.65083012 0.22271740
vt 0.65083012 0.22745795
vt 0.65083012 0.22745795
vt 0.66505178 8.7997557e-2
vt 0.66505178 8.7997557e-2
vt 0.66505178 8.7997557e-2
vt 0.66505178 9.2738110e-2
vt 0.66505178 9.2738110e-2
vt 0.66505178 9.2738110e-2
vt 0.66505178 0.12118143
vt 0.66505178 0.12118143
vt 0.66505178 0.12118143
vt 0.66505178 0.12592198
vt 0.66505178 0.18953353
vt 0.66505178 0.18953353
vt 0.66505178 0.18953353
vt 0.66505178 0.19427408
vt 0.66505178 0.19427408
vt 0.66505178 0.19427408
vt 0.66505178 0.22271740
vt 0.66505178 0.22271740
vt 0.66505178 0.22271740
vt 0.66505178 0.22745795
vt 0.66505178 0.22745795
vt 0.66979233 9.2738110e-2
vt 0.66979233 9.2738110e-2
vt 0.66979233 9.2738110e-2
vt 0.66979233 0.12118143
vt 0.66979233 0.12118143
vt 0.66979233 0.12118143
vt 0.66979233 0.19427408
vt 0.66979233 0.19427408
vt 0.66979233 0.19427408
vt 0.66979233 0.22271740
vt 0.66979233 0.22271740
vt 0.66979233 0.22271740
vt 0.91879578 0.25752307
vt 0.91879578 0.60399781
vt 0.92403226 0.25228659
vt 0.92403226 0.60923429
vt 0.92403226 0.25752307
vt 0.92403226 0.60399781
vt 0.92648880 0.25261000
vt 0.92648880 0.60891088
vt 0.92894533 0.25228659
vt 0.92894533 0.25752307
vt 0.92894533 0.60923429
vt 0.92894533 0.60399781
vt 0.93418181 0.25752307
vt 0.93418181 0.60399781
vn 1.00000000 0.0000000e+0 -2.5195570e-16
vn 0.96592583 0.0000000e+0 0.25881905
vn 0.86602540 0.0000000e+0 0.50000000
vn 0.70710678 0.0000000e+0 0.70710678
vn 0.50000000 0.0000000e+0 0.86602540
vn 0.25881905 0.0000000e+0 0.96592583
vn 1.5397293e-16 0.0000000e+0 1.00000000
vn -0.25881905 0.0000000e+0 0.96592583
vn -0.50000000 0.0000000e+0 0.86602540
vn -0.70710678 0.0000000e+0 0.70710678
vn -0.86602540 0.0000000e+0 0.50000000
vn -0.96592583 0.0000000e+0 0.25881905
vn -1.00000000 0.0000000e+0 3.4993847e-16
vn -0.96592583 0.0000000e+0 -0.25881905
vn -0.86602540 0.0000000e+0 -0.50000000
vn -0.70710678 0.0000000e+0 -0.70710678
vn -0.50000000 0.0000000e+0 -0.86602540
vn -0.25881905 0.0000000e+0 -0.96592583
vn -4.7591632e-16 0.0000000e+0 -1.00000000
vn 0.25881905 0.0000000e+0 -0.96592583
vn 0.50000000 0.0000000e+0 -0.86602540
vn 0.70710678 0.0000000e+0 -0.70710678
vn 0.86602540 0.0000000e+0 -0.50000000
vn 0.96592583 0.0000000e+0 -0.25881905
vn 1.00000000 0.0000000e+0 -2.5195570e-16
vn 0.96592583 0.0000000e+0 0.25881905
vn 0.86602540 0.0000000e+0 0.50000000
vn 0.70710678 0.0000000e+0 0.70710678
vn 0.50000000 0.0000000e+0 0.86602540
vn 0.25881905 0.0000000e+0 0.96592583
vn 1.5397293e-16 0.0000000e+0 1.00000000
vn -0.25881905 0.0000000e+0 0.96592583
vn -0.50000000 0.0000000e+0 0.86602540
vn -0.70710678 0.0000000e+0 0.70710678
vn -0.86602540 0.0000000e+0 0.50000000
vn -0.96592583 0.0000000e+0 0.25881905
vn -1.00000000 0.0000000e+0 3.4993847e-16
vn -0.96592583 0.0000000e+0 -0.25881905
vn -0.86602540 0.0000000e+0 -0.50000000
vn -0.70710678 0.0000000e+0 -0.70710678
vn -0.50000000 0.0000000e+0 -0.86602540
vn -0.25881905 0.0000000e+0 -0.96592583
vn -4.7591632e-16 0.0000000e+0 -1.00000000
vn 0.25881905 0.0000000e+0 -0.96592583
vn 0.50000000 0.0000000e+0 -0.86602540
vn 0.70710678 0.0000000e+0 -0.70710678
vn 0.86602540 0.0000000e+0 -0.50000000
vn 0.96592583 0.0000000e+0 -0.25881905
vn 1.00000000 0.0000000e+0 -2.5195570e-16
vn 0.96592583 0.0000000e+0 0.25881905
vn 0.86602540 0.0000000e+0 0.50000000
vn 0.70710678 0.0000000e+0 0.70710678
vn 0.50000000 0.0000000e+0 0.86602540
vn 0.25881905 0.0000000e+0 0.96592583
vn 1.5397293e-16 0.0000000e+0 1.00000000
vn -0.25881905 0.0000000e+0 0.96592583
vn -0.50000000 0.0000000e+0 0.86602540
vn -0.70710678 0.0000000e+0 0.70710678
vn -0.86602540 0.0000000e+0 0.50000000
vn -0.96592583 0.0000000e+0 0.25881905
vn -1.00000000 0.0000000e+0 3.4993847e-16
vn -0.96592583 0.0000000e+0 -0.25881905
vn -0.86602540 0.0000000e+0 -0.50000000
vn -0.70710678 0.0000000e+0 -0.70710678
vn -0.50000000 0.0000000e+0 -0.86602540
vn -0.25881905 0.0000000e+0 -0.96592583
vn -4.7591632e-16 0.0000000e+0 -1.00000000
vn 0.25881905 0.0000000e+0 -0.96592583
vn 0.50000000 0.0000000e+0 -0.86602540
vn 0.70710678 0.0000000e+0 -0.70710678
vn 0.86602540 0.0000000e+0 -0.50000000
vn 0.96592583 0.0000000e+0 -0.25881905
vn 1.00000000 0.0000000e+0 -2.5195570e-16
vn 0.96592583 0.0000000e+0 0.25881905
vn 0.86602540 0.0000000e+0 0.50000000
vn 0.70710678 0.0000000e+0 0.70710678
vn 0.50000000 0.0000000e+0 0.86602540
vn 0.25881905 0.0000000e+0 0.96592583
vn 1.5397293e-16 0.0000000e+0 1.00000000
vn -0.25881905 0.0000000e+0 0.96592583
vn -0.50000000 0.0000000e+0 0.86602540
vn -0.70710678 0.0000000e+0 0.70710678
vn -0.86602540 0.0000000e+0 0.50000000
vn -0.96592583 0.0000000e+0 0.25881905
vn -1.00000000 0.0000000e+0 3.4993847e-16
vn -0.96592583 0.0000000e+0 -0.25881905
vn -0.86602540 0.0000000e+0 -0.50000000
vn -0.70710678 0.0000000e+0 -0.70710678
vn -0.50000000 0.0000000e+0 -0.86602540
vn -0.25881905 0.0000000e+0 -0.96592583
vn -4.7591632e-16 0.0000000e+0 -1.00000000
vn 0.25881905 0.0000000e+0 -0.96592583
vn 0.50000000 0.0000000e+0 -0.86602540
vn 0.70710678 0.0000000e+0 -0.70710678
vn 0.86602540 0.0000000e+0 -0.50000000
vn 0.96592583 0.0000000e+0 -0.25881905
vn 0.0000000e+0 -1.00000000 9.2518585e-16
vn 0.0000000e+0 1.00000000 -3.4150425e-15
vn 0.0000000e+0 -1.00000000 1.1877881e-15
vn 0.0000000e+0 1.00000000 4.3402283e-16
vn 0.0000000e+0 -1.00000000 0.0000000e+0
vn 0.0000000e+0 1.00000000 2.2856076e-16
vn 0.0000000e+0 -1.00000000 -3.4721827e-15
vn 0.0000000e+0 1.00000000 3.4721827e-15
vn 0.0000000e+0 -1.00000000 -1.7360913e-15
vn 0.0000000e+0 1.00000000 -1.7360913e-15
vn 0.0000000e+0 -1.00000000 1.7360913e-15
vn 0.0000000e+0 1.00000000 -1.7360913e-15
vn 0.0000000e+0 -1.00000000 0.0000000e+0
vn 0.0000000e+0 1.00000000 0.0000000e+0
vn 0.0000000e+0 -1.00000000 -3.4721827e-15
vn 0.0000000e+0 1.00000000 3.4721827e-15
vn 0.0000000e+0 -1.00000000 4.9797132e-15
vn 0.0000000e+0 1.00000000 -1.5075306e-15
vn 0.0000000e+0 -1.00000000 1.5075306e-15
vn 0.0000000e+0 1.00000000 -1.7360913e-15
vn 0.0000000e+0 -1.00000000 -1.9646521e-15
vn 0.0000000e+0 1.00000000 2.2856076e-16
vn 0.0000000e+0 -1.00000000 5.2082740e-15
vn 0.0000000e+0 1.00000000 -5.6061715e-28
vn 0.0000000e+0 -1.00000000 3.4721827e-15
vn 0.0000000e+0 1.00000000 3.4721827e-15
vn 0.0000000e+0 -1.00000000 -3.4721827e-15
vn 0.0000000e+0 1.00000000 -3.7007434e-15
vn 0.0000000e+0 -1.00000000 -1.7360913e-15
vn 0.0000000e+0 1.00000000 -1.1428038e-16
vn 0.0000000e+0 -1.00000000 5.0939936e-15
vn 0.0000000e+0 1.00000000 1.7360913e-15
vn 0.0000000e+0 -1.00000000 -2.2856076e-16
vn 0.0000000e+0 1.00000000 -2.2856076e-16
vn 0.0000000e+0 -1.00000000 5.3221816e-28
vn 0.0000000e+0 1.00000000 3.4721827e-15
vn 0.0000000e+0 -1.00000000 6.0191795e-15
vn 0.0000000e+0 1.00000000 -6.5103425e-15
vn 0.0000000e+0 -1.00000000 4.3973685e-15
vn 0.0000000e+0 1.00000000 -7.3212480e-15
vn 0.0000000e+0 -1.00000000 -3.4721827e-15
vn 0.0000000e+0 1.00000000 0.0000000e+0
vn 0.0000000e+0 -1.00000000 3.4721827e-15
vn 0.0000000e+0 1.00000000 0.0000000e+0
vn 0.0000000e+0 -1.00000000 -1.3020685e-15
vn 0.0000000e+0 1.00000000 1.3020685e-15
vn 0.0000000e+0 -1.00000000 -1.3020685e-15
vn 0.0000000e+0 1.00000000 1.3020685e-15
vn 0.0000000e+0 -1.00000000 0.0000000e+0
vn -0.38268343 0.0000000e+0 -0.92387953
vn 0.0000000e+0 -1.00000000 0.0000000e+0
vn 0.38268343 0.0000000e+0 0.92387953
vn 0.0000000e+0 1.00000000 0.0000000e+0
vn -0.38268343 0.0000000e+0 -0.92387953
vn 0.0000000e+0 1.00000000 0.0000000e+0
vn 0.38268343 0.0000000e+0 0.92387953
vn 0.0000000e+0 -1.00000000 0.0000000e+0
vn -0.38268343 0.0000000e+0 -0.92387953
vn 0.92387953 0.0000000e+0 -0.38268343
vn 0.0000000e+0 -1.00000000 0.0000000e+0
vn 0.38268343 0.0000000e+0 0.92387953
vn 0.92387953 0.0000000e+0 -0.38268343
vn 0.0000000e+0 1.00000000 0.0000000e+0
vn -0.38268343 0.0000000e+0 -0.92387953
vn 0.92387953 0.0000000e+0 -0.38268343
vn 0.0000000e+0 1.00000000 0.0000000e+0
vn 0.38268343 0.0000000e+0 0.92387953
vn 0.92387953 0.0000000e+0 -0.38268343
vn 0.0000000e+0 -1.00000000 0.0000000e+0
vn 0.38268343 0.0000000e+0 -0.92387953
vn 0.0000000e+0 -1.00000000 0.0000000e+0
vn -0.38268343 0.0000000e+0 0.92387953
vn 0.0000000e+0 1.00000000 0.0000000e+0
vn 0.38268343 0.0000000e+0 -0.92387953
vn 0.0000000e+0 1.00000000 0.0000000e+0
vn -0.38268343 0.0000000e+0 0.92387953
vn 0.0000000e+0 -1.00000000 0.0000000e+0
vn 0.38268343 0.0000000e+0 -0.92387953
vn 0.92387953 0.0000000e+0 0.38268343
vn 0.0000000e+0 -1.00000000 0.0000000e+0
vn -0.38268343 0.0000000e+0 0.92387953
vn 0.92387953 0.0000000e+0 0.38268343
vn 0.0000000e+0 1.00000000 0.0000000e+0
vn 0.38268343 0.0000000e+0 -0.92387953
vn 0.92387953 0.0000000e+0 0.38268343
vn 0.0000000e+0 1.00000000 0.0000000e+0
vn -0.38268343 0.0000000e+0 0.92387953
vn 0.92387953 0.0000000e+0 0.38268343
vn 0.0000000e+0 -1.00000000 0.0000000e+0
vn -0.38268343 0.0000000e+0 0.92387953
vn 0.0000000e+0 -1.00000000 0.0000000e+0
vn 0.38268343 0.0000000e+0 -0.92387953
vn 0.0000000e+0 1.00000000 0.0000000e+0
vn -0.38268343 0.0000000e+0 0.92387953
vn 0.0000000e+0 1.00000000 0.0000000e+0
vn 0.38268343 0.0000000e+0 -0.92387953
vn 0.0000000e+0 -1.00000000 0.0000000e+0
vn -0.38268343 0.0000000e+0 0.92387953
vn -0.92387953 0.0000000e+0 -0.38268343
vn 0.0000000e+0 -1.00000000 0.0000000e+0
vn 0.38268343 0.0000000e+0 -0.92387953
vn -0.92387953 0.0000000e+0 -0.38268343
vn 0.0000000e+0 1.00000000 0.0000000e+0
vn -0.38268343 0.0000000e+0 0.92387953
vn -0.92387953 0.0000000e+0 -0.38268343
vn 0.0000000e+0 1.00000000 0.0000000e+0
vn 0.38268343 0.0000000e+0 -0.92387953
vn -0.92387953 0.0000000e+0 -0.38268343
vn 0.0000000e+0 -1.00000000 0.0000000e+0
vn -0.92387953 0.0000000e+0 -0.38268343
vn 0.0000000e+0 -1.00000000 0.0000000e+0
vn 0.92387953 0.0000000e+0 0.38268343
vn 0.0000000e+0 1.00000000 0.0000000e+0
vn -0.92387953 0.0000000e+0 -0.38268343
vn 0.0000000e+0 1.00000000 0.0000000e+0
vn 0.92387953 0.0000000e+0 0.38268343
vn 0.0000000e+0 -1.00000000 0.0000000e+0
vn -0.92387953 0.0000000e+0 -0.38268343
vn 0.38268343 0.0000000e+0 -0.92387953
vn 0.0000000e+0 -1.00000000 0.0000000e+0
vn 0.92387953 0.0000000e+0 0.38268343
vn 0.38268343 0.0000000e+0 -0.92387953
vn 0.0000000e+0 1.00000000 0.0000000e+0
vn -0.92387953 0.0000000e+0 -0.38268343
vn 0.38268343 0.0000000e+0 -0.92387953
vn 0.0000000e+0 1.00000000 0.0000000e+0
vn 0.92387953 0.0000000e+0 0.38268343
vn 0.38268343 0.0000000e+0 -0.92387953
vn 0.0000000e+0 -1.00000000 0.0000000e+0
vn 0.92387953 0.0000000e+0 0.38268343
vn 0.0000000e+0 -1.00000000 0.0000000e+0
vn -0.92387953 0.0000000e+0 -0.38268343
vn 0.0000000e+0 1.00000000 0.0000000e+0
vn 0.92387953 0.0000000e+0 0.38268343
vn 0.0000000e+0 1.00000000 0.0000000e+0
vn -0.92387953 0.0000000e+0 -0.38268343
vn 0.0000000e+0 -1.00000000 0.0000000e+0
vn 0.92387953 0.0000000e+0 0.38268343
vn -0.38268343 0.0000000e+0 0.92387953
vn 0.0000000e+0 -1.00000000 0.0000000e+0
vn -0.92387953 0.0000000e+0 -0.38268343
vn -0.38268343 0.0000000e+0 0.92387953
vn 0.0000000e+0 1.00000000 0.0000000e+0
vn 0.92387953 0.0000000e+0 0.38268343
vn -0.38268343 0.0000000e+0 0.92387953
vn 0.0000000e+0 1.00000000 0.0000000e+0
vn -0.92387953 0.0000000e+0 -0.38268343
vn -0.38268343 0.0000000e+0 0.92387953
vn 0.0000000e+0 -1.00000000 0.0000000e+0
vn 0.38268343 0.0000000e+0 0.92387953
vn 0.0000000e+0 -1.00000000 0.0000000e+0
vn -0.38268343 0.0000000e+0 -0.92387953
vn 0.0000000e+0 1.00000000 0.0000000e+0
vn 0.38268343 0.0000000e+0 0.92387953
vn 0.0000000e+0 1.00000000 0.0000000e+0
vn -0.38268343 0.0000000e+0 -0.92387953
vn 0.0000000e+0 -1.00000000 0.0000000e+0
vn 0.38268343 0.0000000e+0 0.92387953
vn -0.92387953 0.0000000e+0 0.38268343
vn 0.0000000e+0 -1.00000000 0.0000000e+0
vn -0.38268343 0.0000000e+0 -0.92387953
vn -0.92387953 0.0000000e+0 0.38268343
vn 0.0000000e+0 1.00000000 0.0000000e+0
vn 0.38268343 0.0000000e+0 0.92387953
vn -0.92387953 0.0000000e+0 0.38268343
vn 0.0000000e+0 1.00000000 0.0000000e+0
vn -0.38268343 0.0000000e+0 -0.92387953
vn -0.92387953 0.0000000e+0 0.38268343
vn -0.96592583 -5.1308723e-17 -0.25881905
vn 0.0000000e+0 -1.00000000 3.9919158e-15
vn -0.25881905 9.3872720e-16 0.96592583
vn 0.0000000e+0 -1.00000000 3.9919158e-15
vn -0.96592583 -5.1308723e-17 -0.25881905
vn 0.0000000e+0 1.00000000 -2.5184267e-15
vn 0.0000000e+0 1.00000000 -2.5184267e-15
vn -0.25881905 9.3872720e-16 0.96592583
vn -0.96592583 -5.1308723e-17 -0.25881905
vn 0.0000000e+0 -1.00000000 -1.2163582e-15
vn 0.25881905 -9.4073303e-16 -0.96592583
vn 0.0000000e+0 -1.00000000 -1.2163582e-15
vn -0.96592583 -5.1308723e-17 -0.25881905
vn 0.0000000e+0 1.00000000 -1.2163582e-15
vn 0.25881905 -9.4073303e-16 -0.96592583
vn 0.0000000e+0 1.00000000 -1.2163582e-15
vn 0.0000000e+0 1.00000000 -7.8124110e-15
vn -0.25881905 9.3872720e-16 0.96592583
vn -0.25881905 9.3872720e-16 0.96592583
vn 0.0000000e+0 -1.00000000 5.2082740e-15
vn 0.0000000e+0 -1.00000000 -5.2082740e-15
vn 0.25881905 -9.4073303e-16 -0.96592583
vn 0.25881905 -9.4073303e-16 -0.96592583
vn 0.0000000e+0 1.00000000 -5.2082740e-15
vn 0.96592583 3.9397769e-17 0.25881905
vn 0.0000000e+0 -1.00000000 -1.7142057e-16
vn -0.25881905 9.4187921e-16 0.96592583
vn 0.0000000e+0 -1.00000000 -1.7142057e-16
vn 0.96592583 3.9397769e-17 0.25881905
vn 0.0000000e+0 1.00000000 5.2082740e-15
vn 0.0000000e+0 1.00000000 5.2082740e-15
vn -0.25881905 9.4187921e-16 0.96592583
vn 0.96592583 3.9397769e-17 0.25881905
vn 0.0000000e+0 -1.00000000 -8.2245482e-16
vn 0.25881905 -1.0072119e-15 -0.96592583
vn 0.0000000e+0 -1.00000000 -8.2245482e-16
vn 0.96592583 3.9397769e-17 0.25881905
vn 0.0000000e+0 1.00000000 -4.5572397e-15
vn 0.25881905 -1.0072119e-15 -0.96592583
vn 0.0000000e+0 1.00000000 -4.5572397e-15
vn 0.0000000e+0 1.00000000 1.0416548e-14
vn -0.25881905 9.4187921e-16 0.96592583
vn -0.25881905 9.4187921e-16 0.96592583
vn 0.0000000e+0 -1.00000000 5.2082740e-15
vn 0.0000000e+0 -1.00000000 3.9062055e-15
vn 0.25881905 -1.0072119e-15 -0.96592583
vn 0.25881905 -1.0072119e-15 -0.96592583
vn 0.0000000e+0 1.00000000 -9.1144795e-15
vn -0.25881905 -5.9554767e-17 0.96592583
vn 0.0000000e+0 -1.00000000 0.0000000e+0
vn 0.96592583 9.5334108e-16 0.25881905
vn 0.0000000e+0 -1.00000000 0.0000000e+0
vn -0.25881905 -5.9554767e-17 0.96592583
vn 0.0000000e+0 1.00000000 5.5511151e-15
vn 0.0000000e+0 1.00000000 5.5511151e-15
vn 0.96592583 9.5334108e-16 0.25881905
vn -0.25881905 -5.9554767e-17 0.96592583
vn 0.0000000e+0 -1.00000000 0.0000000e+0
vn -0.96592583 -9.2669224e-16 -0.25881905
vn 0.0000000e+0 -1.00000000 0.0000000e+0
vn -0.25881905 -5.9554767e-17 0.96592583
vn 0.0000000e+0 1.00000000 3.4284114e-16
vn -0.96592583 -9.2669224e-16 -0.25881905
vn 0.0000000e+0 1.00000000 3.4284114e-16
vn 0.0000000e+0 1.00000000 0.0000000e+0
vn 0.96592583 9.5334108e-16 0.25881905
vn 0.96592583 9.5334108e-16 0.25881905
vn 0.0000000e+0 -1.00000000 0.0000000e+0
vn 0.0000000e+0 -1.00000000 0.0000000e+0
vn -0.96592583 -9.2669224e-16 -0.25881905
vn -0.96592583 -9.2669224e-16 -0.25881905
vn 0.0000000e+0 1.00000000 -1.0416548e-14
vn 0.25881905 -6.7189994e-17 -0.96592583
vn 0.0000000e+0 -1.00000000 -5.2082740e-15
vn 0.96592583 8.9746447e-16 0.25881905
vn 0.0000000e+0 -1.00000000 -5.2082740e-15
vn 0.25881905 -6.7189994e-17 -0.96592583
vn 0.0000000e+0 1.00000000 0.0000000e+0
vn 0.0000000e+0 1.00000000 0.0000000e+0
vn 0.96592583 8.9746447e-16 0.25881905
vn 0.25881905 -6.7189994e-17 -0.96592583
vn 0.0000000e+0 -1.00000000 0.0000000e+0
vn -0.96592583 -9.7769756e-16 -0.25881905
vn 0.0000000e+0 -1.00000000 0.0000000e+0
vn 0.25881905 -6.7189994e-17 -0.96592583
vn 0.0000000e+0 1.00000000 5.2082740e-15
vn -0.96592583 -9.7769756e-16 -0.25881905
vn 0.0000000e+0 1.00000000 5.2082740e-15
vn 0.0000000e+0 1.00000000 0.0000000e+0
vn 0.96592583 8.9746447e-16 0.25881905
vn 0.96592583 8.9746447e-16 0.25881905
vn 0.0000000e+0 -1.00000000 -1.0416548e-14
vn 0.0000000e+0 -1.00000000 0.0000000e+0
vn -0.96592583 -9.7769756e-16 -0.25881905
vn -0.96592583 -9.7769756e-16 -0.25881905
vn 0.0000000e+0 1.00000000 1.0416548e-14
vn -0.86602540 0.0000000e+0 -0.50000000
vn 0.0000000e+0 -1.00000000 -2.6041370e-15
vn -0.50000000 9.4617742e-16 0.86602540
vn 0.0000000e+0 -1.00000000 -2.6041370e-15
vn -0.86602540 0.0000000e+0 -0.50000000
vn 0.0000000e+0 1.00000000 -2.6041370e-15
vn 0.0000000e+0 1.00000000 -2.6041370e-15
vn -0.50000000 9.4617742e-16 0.86602540
vn -0.86602540 0.0000000e+0 -0.50000000
vn 0.0000000e+0 -1.00000000 0.0000000e+0
vn 0.50000000 -9.5649310e-16 -0.86602540
vn 0.0000000e+0 -1.00000000 0.0000000e+0
vn -0.86602540 0.0000000e+0 -0.50000000
vn 0.0000000e+0 1.00000000 0.0000000e+0
vn 0.50000000 -9.5649310e-16 -0.86602540
vn 0.0000000e+0 1.00000000 0.0000000e+0
vn 0.0000000e+0 1.00000000 -5.2082740e-15
vn -0.50000000 9.4617742e-16 0.86602540
vn -0.50000000 9.4617742e-16 0.86602540
vn 0.0000000e+0 -1.00000000 -5.2082740e-15
vn 0.0000000e+0 -1.00000000 0.0000000e+0
vn 0.50000000 -9.5649310e-16 -0.86602540
vn 0.50000000 -9.5649310e-16 -0.86602540
vn 0.0000000e+0 1.00000000 0.0000000e+0
vn 0.86602540 -1.1605544e-17 0.50000000
vn 0.0000000e+0 -1.00000000 -2.6041370e-15
vn -0.50000000 9.3127698e-16 0.86602540
vn 0.0000000e+0 -1.00000000 -2.6041370e-15
vn 0.86602540 -1.1605544e-17 0.50000000
vn 0.0000000e+0 1.00000000 -2.6041370e-15
vn 0.0000000e+0 1.00000000 -2.6041370e-15
vn -0.50000000 9.3127698e-16 0.86602540
vn 0.86602540 -1.1605544e-17 0.50000000
vn 0.0000000e+0 -1.00000000 5.2082740e-15
vn 0.50000000 -1.0046330e-15 -0.86602540
vn 0.0000000e+0 -1.00000000 5.2082740e-15
vn 0.86602540 -1.1605544e-17 0.50000000
vn 0.0000000e+0 1.00000000 0.0000000e+0
vn 0.50000000 -1.0046330e-15 -0.86602540
vn 0.0000000e+0 1.00000000 0.0000000e+0
vn 0.0000000e+0 1.00000000 -5.2082740e-15
vn -0.50000000 9.3127698e-16 0.86602540
vn -0.50000000 9.3127698e-16 0.86602540
vn 0.0000000e+0 -1.00000000 -5.2082740e-15
vn 0.0000000e+0 -1.00000000 1.0416548e-14
vn 0.50000000 -1.0046330e-15 -0.86602540
vn 0.50000000 -1.0046330e-15 -0.86602540
vn 0.0000000e+0 1.00000000 0.0000000e+0
vn -0.50000000 -7.9406356e-18 0.86602540
vn 0.0000000e+0 -1.00000000 0.0000000e+0
vn 0.86602540 9.5763929e-16 0.50000000
vn 0.0000000e+0 -1.00000000 0.0000000e+0
vn -0.50000000 -7.9406356e-18 0.86602540
vn 0.0000000e+0 1.00000000 0.0000000e+0
vn 0.0000000e+0 1.00000000 0.0000000e+0
vn 0.86602540 9.5763929e-16 0.50000000
vn -0.50000000 -7.9406356e-18 0.86602540
vn 0.0000000e+0 -1.00000000 0.0000000e+0
vn -0.86602540 -9.1752274e-16 -0.50000000
vn 0.0000000e+0 -1.00000000 0.0000000e+0
vn -0.50000000 -7.9406356e-18 0.86602540
vn 0.0000000e+0 1.00000000 0.0000000e+0
vn -0.86602540 -9.1752274e-16 -0.50000000
vn 0.0000000e+0 1.00000000 0.0000000e+0
vn 0.0000000e+0 1.00000000 0.0000000e+0
vn 0.86602540 9.5763929e-16 0.50000000
vn 0.86602540 9.5763929e-16 0.50000000
vn 0.0000000e+0 -1.00000000 0.0000000e+0
vn 0.0000000e+0 -1.00000000 0.0000000e+0
vn -0.86602540 -9.1752274e-16 -0.50000000
vn -0.86602540 -9.1752274e-16 -0.50000000
vn 0.0000000e+0 1.00000000 0.0000000e+0
vn 0.50000000 -6.1692631e-17 -0.86602540
vn 0.0000000e+0 -1.00000000 -5.2082740e-15
vn 0.86602540 8.7683310e-16 0.50000000
vn 0.0000000e+0 -1.00000000 -5.2082740e-15
vn 0.50000000 -6.1692631e-17 -0.86602540
vn 0.0000000e+0 1.00000000 5.2082740e-15
vn 0.0000000e+0 1.00000000 5.2082740e-15
vn 0.86602540 8.7683310e-16 0.50000000
vn 0.50000000 -6.1692631e-17 -0.86602540
vn 0.0000000e+0 -1.00000000 0.0000000e+0
vn -0.86602540 -9.7540518e-16 -0.50000000
vn 0.0000000e+0 -1.00000000 0.0000000e+0
vn 0.50000000 -6.1692631e-17 -0.86602540
vn 0.0000000e+0 1.00000000 0.0000000e+0
vn -0.86602540 -9.7540518e-16 -0.50000000
vn 0.0000000e+0 1.00000000 0.0000000e+0
vn 0.0000000e+0 1.00000000 1.0416548e-14
vn 0.86602540 8.7683310e-16 0.50000000
vn 0.86602540 8.7683310e-16 0.50000000
vn 0.0000000e+0 -1.00000000 -1.0416548e-14
vn 0.0000000e+0 -1.00000000 0.0000000e+0
vn -0.86602540 -9.7540518e-16 -0.50000000
vn -0.86602540 -9.7540518e-16 -0.50000000
vn 0.0000000e+0 1.00000000 0.0000000e+0
vn -0.70710678 2.2600271e-17 -0.70710678
vn 0.0000000e+0 -1.00000000 2.2612959e-15
vn -0.70710678 9.7311281e-16 0.70710678
vn 0.0000000e+0 -1.00000000 2.2612959e-15
vn -0.70710678 2.2600271e-17 -0.70710678
vn 0.0000000e+0 1.00000000 2.9469781e-15
vn 0.0000000e+0 1.00000000 2.9469781e-15
vn -0.70710678 9.7311281e-16 0.70710678
vn -0.70710678 2.2600271e-17 -0.70710678
vn 0.0000000e+0 -1.00000000 -3.4284114e-16
vn 0.70710678 -9.9489036e-16 -0.70710678
vn 0.0000000e+0 -1.00000000 -3.4284114e-16
vn -0.70710678 2.2600271e-17 -0.70710678
vn 0.0000000e+0 1.00000000 3.4284114e-16
vn 0.70710678 -9.9489036e-16 -0.70710678
vn 0.0000000e+0 1.00000000 3.4284114e-16
vn 0.0000000e+0 1.00000000 -5.2082740e-15
vn -0.70710678 9.7311281e-16 0.70710678
vn -0.70710678 9.7311281e-16 0.70710678
vn 0.0000000e+0 -1.00000000 1.5624822e-14
vn 0.0000000e+0 -1.00000000 1.0416548e-14
vn 0.70710678 -9.9489036e-16 -0.70710678
vn 0.70710678 -9.9489036e-16 -0.70710678
vn 0.0000000e+0 1.00000000 -1.0416548e-14
vn 0.70710678 -2.2600271e-17 0.70710678
vn 0.0000000e+0 -1.00000000 -5.5511151e-15
vn -0.70710678 9.5076216e-16 0.70710678
vn 0.0000000e+0 -1.00000000 -5.5511151e-15
vn 0.70710678 -2.2600271e-17 0.70710678
vn 0.0000000e+0 1.00000000 0.0000000e+0
vn 0.0000000e+0 1.00000000 0.0000000e+0
vn -0.70710678 9.5076216e-16 0.70710678
vn 0.70710678 -2.2600271e-17 0.70710678
vn 0.0000000e+0 -1.00000000 2.2612959e-15
vn 0.70710678 -1.0172410e-15 -0.70710678
vn 0.0000000e+0 -1.00000000 2.2612959e-15
vn 0.70710678 -2.2600271e-17 0.70710678
vn 0.0000000e+0 1.00000000 -2.6041370e-15
vn 0.70710678 -1.0172410e-15 -0.70710678
vn 0.0000000e+0 1.00000000 -2.6041370e-15
vn 0.0000000e+0 1.00000000 0.0000000e+0
