# Exported from Wings 3D 1.5.4
mtllib blue_streak_fuel_tank_s1p5_2.mtl
o mesh2
#480 vertices, 360 faces
v 0.94468228 -0.93750000 -0.13697764
v 0.91989615 -0.93750000 -0.13371449
v 0.94468228 0.93750000 -0.13697764
v 0.91989615 0.93750000 -0.13371449
v 0.94794543 -0.93750000 -0.11219152
v 0.92315931 -0.93750000 -0.10892837
v 0.94794543 0.93750000 -0.11219152
v 0.92315931 0.93750000 -0.10892837
v 0.96250000 -0.93750000 -1.2500000e-2
v 0.96250000 0.93750000 -1.2500000e-2
v 0.96250000 -0.93750000 1.2500000e-2
v 0.96250000 0.93750000 1.2500000e-2
v 0.93585434 0.93750000 1.2500000e-2
v 0.93585434 -0.93750000 1.2500000e-2
v 0.93750000 -0.93750000 -1.0874264e-16
v 0.93750000 0.93750000 -7.9252342e-17
v 0.93585434 -0.93750000 -1.2500000e-2
v 0.93585434 0.93750000 -1.2500000e-2
v 0.94794543 -0.93750000 0.11219152
v 0.92315931 -0.93750000 0.10892837
v 0.94794543 0.93750000 0.11219152
v 0.92315931 0.93750000 0.10892837
v 0.94468228 -0.93750000 0.13697764
v 0.91989615 -0.93750000 0.13371449
v 0.94468228 0.93750000 0.13697764
v 0.91989615 0.93750000 0.13371449
v 0.93293885 -0.93750000 0.23703926
v 0.93293885 0.93750000 0.23703926
v 0.92646837 -0.93750000 0.26118740
v 0.92646837 0.93750000 0.26118740
v 0.90073064 0.93750000 0.25429100
v 0.90073064 -0.93750000 0.25429100
v 0.90555546 -0.93750000 0.24264285
v 0.90555546 0.93750000 0.24264285
v 0.90720112 -0.93750000 0.23014285
v 0.90720112 0.93750000 0.23014285
v 0.11219152 -0.93750000 -0.94794543
v 0.10892837 -0.93750000 -0.92315931
v 0.11219152 0.93750000 -0.94794543
v 0.10892837 0.93750000 -0.92315931
v 0.13697764 -0.93750000 -0.94468228
v 0.13371449 -0.93750000 -0.91989615
v 0.13697764 0.93750000 -0.94468228
v 0.13371449 0.93750000 -0.91989615
v 0.23703926 -0.93750000 -0.93293885
v 0.23703926 0.93750000 -0.93293885
v 0.26118740 -0.93750000 -0.92646837
v 0.26118740 0.93750000 -0.92646837
v 0.25429100 0.93750000 -0.90073064
v 0.25429100 -0.93750000 -0.90073064
v 0.24264285 -0.93750000 -0.90555546
v 0.24264285 0.93750000 -0.90555546
v 0.23014285 -0.93750000 -0.90720112
v 0.23014285 0.93750000 -0.90720112
v 0.88660767 -0.93750000 0.35371502
v 0.86351068 -0.93750000 0.34414793
v 0.88660767 0.93750000 0.35371502
v 0.86351068 0.93750000 0.34414793
v 0.87704058 -0.93750000 0.37681201
v 0.85394360 -0.93750000 0.36724492
v 0.87704058 0.93750000 0.37681201
v 0.85394360 0.93750000 0.36724492
v 0.83979945 -0.93750000 0.47042468
v 0.83979945 0.93750000 0.47042468
v 0.82729945 -0.93750000 0.49207532
v 0.82729945 0.93750000 0.49207532
v 0.80422364 0.93750000 0.47875249
v 0.80422364 -0.93750000 0.47875249
v 0.81189882 -0.93750000 0.46875000
v 0.81189882 0.93750000 0.46875000
v 0.81672364 -0.93750000 0.45710185
v 0.81672364 0.93750000 0.45710185
v 0.35371502 -0.93750000 -0.88660767
v 0.34414793 -0.93750000 -0.86351068
v 0.35371502 0.93750000 -0.88660767
v 0.34414793 0.93750000 -0.86351068
v 0.37681201 -0.93750000 -0.87704058
v 0.36724492 -0.93750000 -0.85394360
v 0.37681201 0.93750000 -0.87704058
v 0.36724492 0.93750000 -0.85394360
v 0.47042468 -0.93750000 -0.83979945
v 0.47042468 0.93750000 -0.83979945
v 0.49207532 -0.93750000 -0.82729945
v 0.49207532 0.93750000 -0.82729945
v 0.47875249 0.93750000 -0.80422364
v 0.47875249 -0.93750000 -0.80422364
v 0.46875000 -0.93750000 -0.81189882
v 0.46875000 0.93750000 -0.81189882
v 0.45710185 -0.93750000 -0.81672364
v 0.45710185 0.93750000 -0.81672364
v 0.76484906 -0.93750000 0.57113342
v 0.74501523 -0.93750000 0.55591439
v 0.76484906 0.93750000 0.57113342
v 0.74501523 0.93750000 0.55591439
v 0.74963003 -0.93750000 0.59096726
v 0.72979619 -0.93750000 0.57574822
v 0.74963003 0.93750000 0.59096726
v 0.72979619 0.93750000 0.57574822
v 0.68942911 -0.93750000 0.67175144
v 0.68942911 0.93750000 0.67175144
v 0.67175144 -0.93750000 0.68942911
v 0.67175144 0.93750000 0.68942911
v 0.65291012 0.93750000 0.67058779
v 0.65291012 -0.93750000 0.67058779
v 0.66291261 -0.93750000 0.66291261
v 0.66291261 0.93750000 0.66291261
v 0.67058779 -0.93750000 0.65291012
v 0.67058779 0.93750000 0.65291012
v 0.57113342 -0.93750000 -0.76484906
v 0.55591439 -0.93750000 -0.74501523
v 0.57113342 0.93750000 -0.76484906
v 0.55591439 0.93750000 -0.74501523
v 0.59096726 -0.93750000 -0.74963003
v 0.57574822 -0.93750000 -0.72979619
v 0.59096726 0.93750000 -0.74963003
v 0.57574822 0.93750000 -0.72979619
v 0.67175144 -0.93750000 -0.68942911
v 0.67175144 0.93750000 -0.68942911
v 0.68942911 -0.93750000 -0.67175144
v 0.68942911 0.93750000 -0.67175144
v 0.67058779 0.93750000 -0.65291012
v 0.67058779 -0.93750000 -0.65291012
v 0.66291261 -0.93750000 -0.66291261
v 0.66291261 0.93750000 -0.66291261
v 0.65291012 -0.93750000 -0.67058779
v 0.65291012 0.93750000 -0.67058779
v -0.49207532 -0.93750000 -0.82729945
v -0.49207532 0.93750000 -0.82729945
v -0.47042468 -0.93750000 -0.83979945
v -0.47042468 0.93750000 -0.83979945
v -0.45710185 0.93750000 -0.81672364
v -0.45710185 -0.93750000 -0.81672364
v -0.46875000 -0.93750000 -0.81189882
v -0.46875000 0.93750000 -0.81189882
v -0.47875249 -0.93750000 -0.80422364
v -0.47875249 0.93750000 -0.80422364
v -0.59096726 -0.93750000 -0.74963003
v -0.57574822 -0.93750000 -0.72979619
v -0.59096726 0.93750000 -0.74963003
v -0.57574822 0.93750000 -0.72979619
v -0.57113342 -0.93750000 -0.76484906
v -0.55591439 -0.93750000 -0.74501523
v -0.57113342 0.93750000 -0.76484906
v -0.55591439 0.93750000 -0.74501523
v 0.74963003 -0.93750000 -0.59096726
v 0.72979619 -0.93750000 -0.57574822
v 0.74963003 0.93750000 -0.59096726
v 0.72979619 0.93750000 -0.57574822
v 0.76484906 -0.93750000 -0.57113342
v 0.74501523 -0.93750000 -0.55591439
v 0.76484906 0.93750000 -0.57113342
v 0.74501523 0.93750000 -0.55591439
v 0.82729945 -0.93750000 -0.49207532
v 0.82729945 0.93750000 -0.49207532
v 0.83979945 -0.93750000 -0.47042468
v 0.83979945 0.93750000 -0.47042468
v 0.81672364 0.93750000 -0.45710185
v 0.81672364 -0.93750000 -0.45710185
v 0.81189882 -0.93750000 -0.46875000
v 0.81189882 0.93750000 -0.46875000
v 0.80422364 -0.93750000 -0.47875249
v 0.80422364 0.93750000 -0.47875249
v -0.26118740 -0.93750000 -0.92646837
v -0.26118740 0.93750000 -0.92646837
v -0.23703926 -0.93750000 -0.93293885
v -0.23703926 0.93750000 -0.93293885
v -0.23014285 0.93750000 -0.90720112
v -0.23014285 -0.93750000 -0.90720112
v -0.24264285 -0.93750000 -0.90555546
v -0.24264285 0.93750000 -0.90555546
v -0.25429100 -0.93750000 -0.90073064
v -0.25429100 0.93750000 -0.90073064
v -0.37681201 -0.93750000 -0.87704058
v -0.36724492 -0.93750000 -0.85394360
v -0.37681201 0.93750000 -0.87704058
v -0.36724492 0.93750000 -0.85394360
v -0.35371502 -0.93750000 -0.88660767
v -0.34414793 -0.93750000 -0.86351068
v -0.35371502 0.93750000 -0.88660767
v -0.34414793 0.93750000 -0.86351068
v 0.87704058 -0.93750000 -0.37681201
v 0.85394360 -0.93750000 -0.36724492
v 0.87704058 0.93750000 -0.37681201
v 0.85394360 0.93750000 -0.36724492
v 0.88660767 -0.93750000 -0.35371502
v 0.86351068 -0.93750000 -0.34414793
v 0.88660767 0.93750000 -0.35371502
v 0.86351068 0.93750000 -0.34414793
v 0.92646837 -0.93750000 -0.26118740
v 0.92646837 0.93750000 -0.26118740
v 0.93293885 -0.93750000 -0.23703926
v 0.93293885 0.93750000 -0.23703926
v 0.90720112 0.93750000 -0.23014285
v 0.90720112 -0.93750000 -0.23014285
v 0.90555546 -0.93750000 -0.24264285
v 0.90555546 0.93750000 -0.24264285
v 0.90073064 -0.93750000 -0.25429100
v 0.90073064 0.93750000 -0.25429100
v -1.2500000e-2 -0.93750000 -0.96250000
v -1.2500000e-2 0.93750000 -0.96250000
v 1.2500000e-2 -0.93750000 -0.96250000
v 1.2500000e-2 0.93750000 -0.96250000
v 1.2500000e-2 0.93750000 -0.93585434
v 1.2500000e-2 -0.93750000 -0.93585434
v 0.0000000e+0 -0.93750000 -0.93750000
v 0.0000000e+0 0.93750000 -0.93750000
v -1.2500000e-2 -0.93750000 -0.93585434
v -1.2500000e-2 0.93750000 -0.93585434
v -0.13697764 -0.93750000 -0.94468228
v -0.13371449 -0.93750000 -0.91989615
v -0.13697764 0.93750000 -0.94468228
v -0.13371449 0.93750000 -0.91989615
v -0.11219152 -0.93750000 -0.94794543
v -0.10892837 -0.93750000 -0.92315931
v -0.11219152 0.93750000 -0.94794543
v -0.10892837 0.93750000 -0.92315931
v -0.94468228 -0.93750000 0.13697764
v -0.91989615 -0.93750000 0.13371449
v -0.94468228 0.93750000 0.13697764
v -0.91989615 0.93750000 0.13371449
v -0.94794543 -0.93750000 0.11219152
v -0.92315931 -0.93750000 0.10892837
v -0.94794543 0.93750000 0.11219152
v -0.92315931 0.93750000 0.10892837
v -0.96250000 -0.93750000 1.2500000e-2
v -0.96250000 0.93750000 1.2500000e-2
v -0.96250000 -0.93750000 -1.2500000e-2
v -0.96250000 0.93750000 -1.2500000e-2
v -0.93585434 0.93750000 -1.2500000e-2
v -0.93585434 -0.93750000 -1.2500000e-2
v -0.93750000 -0.93750000 1.0874264e-16
v -0.93750000 0.93750000 7.9252342e-17
v -0.93585434 -0.93750000 1.2500000e-2
v -0.93585434 0.93750000 1.2500000e-2
v -0.94794543 -0.93750000 -0.11219152
v -0.92315931 -0.93750000 -0.10892837
v -0.94794543 0.93750000 -0.11219152
v -0.92315931 0.93750000 -0.10892837
v -0.94468228 -0.93750000 -0.13697764
v -0.91989615 -0.93750000 -0.13371449
v -0.94468228 0.93750000 -0.13697764
v -0.91989615 0.93750000 -0.13371449
v -0.93293885 -0.93750000 -0.23703926
v -0.93293885 0.93750000 -0.23703926
v -0.92646837 -0.93750000 -0.26118740
v -0.92646837 0.93750000 -0.26118740
v -0.90073064 0.93750000 -0.25429100
v -0.90073064 -0.93750000 -0.25429100
v -0.90555546 -0.93750000 -0.24264285
v -0.90555546 0.93750000 -0.24264285
v -0.90720112 -0.93750000 -0.23014285
v -0.90720112 0.93750000 -0.23014285
v -0.11219152 -0.93750000 0.94794543
v -0.10892837 -0.93750000 0.92315931
v -0.11219152 0.93750000 0.94794543
v -0.10892837 0.93750000 0.92315931
v -0.13697764 -0.93750000 0.94468228
v -0.13371449 -0.93750000 0.91989615
v -0.13697764 0.93750000 0.94468228
v -0.13371449 0.93750000 0.91989615
v -0.23703926 -0.93750000 0.93293885
v -0.23703926 0.93750000 0.93293885
v -0.26118740 -0.93750000 0.92646837
v -0.26118740 0.93750000 0.92646837
v -0.25429100 0.93750000 0.90073064
v -0.25429100 -0.93750000 0.90073064
v -0.24264285 -0.93750000 0.90555546
v -0.24264285 0.93750000 0.90555546
v -0.23014285 -0.93750000 0.90720112
v -0.23014285 0.93750000 0.90720112
v -0.88660767 -0.93750000 -0.35371502
v -0.86351068 -0.93750000 -0.34414793
v -0.88660767 0.93750000 -0.35371502
v -0.86351068 0.93750000 -0.34414793
v -0.87704058 -0.93750000 -0.37681201
v -0.85394360 -0.93750000 -0.36724492
v -0.87704058 0.93750000 -0.37681201
v -0.85394360 0.93750000 -0.36724492
v -0.83979945 -0.93750000 -0.47042468
v -0.83979945 0.93750000 -0.47042468
v -0.82729945 -0.93750000 -0.49207532
v -0.82729945 0.93750000 -0.49207532
v -0.80422364 0.93750000 -0.47875249
v -0.80422364 -0.93750000 -0.47875249
v -0.81189882 -0.93750000 -0.46875000
v -0.81189882 0.93750000 -0.46875000
v -0.81672364 -0.93750000 -0.45710185
v -0.81672364 0.93750000 -0.45710185
v -0.35371502 -0.93750000 0.88660767
v -0.34414793 -0.93750000 0.86351068
v -0.35371502 0.93750000 0.88660767
v -0.34414793 0.93750000 0.86351068
v -0.37681201 -0.93750000 0.87704058
v -0.36724492 -0.93750000 0.85394360
v -0.37681201 0.93750000 0.87704058
v -0.36724492 0.93750000 0.85394360
v -0.47042468 -0.93750000 0.83979945
v -0.47042468 0.93750000 0.83979945
v -0.49207532 -0.93750000 0.82729945
v -0.49207532 0.93750000 0.82729945
v -0.47875249 0.93750000 0.80422364
v -0.47875249 -0.93750000 0.80422364
v -0.46875000 -0.93750000 0.81189882
v -0.46875000 0.93750000 0.81189882
v -0.45710185 -0.93750000 0.81672364
v -0.45710185 0.93750000 0.81672364
v -0.76484906 -0.93750000 -0.57113342
v -0.74501523 -0.93750000 -0.55591439
v -0.76484906 0.93750000 -0.57113342
v -0.74501523 0.93750000 -0.55591439
v -0.74963003 -0.93750000 -0.59096726
v -0.72979619 -0.93750000 -0.57574822
v -0.74963003 0.93750000 -0.59096726
v -0.72979619 0.93750000 -0.57574822
v -0.68942911 -0.93750000 -0.67175144
v -0.68942911 0.93750000 -0.67175144
v -0.67175144 -0.93750000 -0.68942911
v -0.67175144 0.93750000 -0.68942911
v -0.65291012 0.93750000 -0.67058779
v -0.65291012 -0.93750000 -0.67058779
v -0.66291261 -0.93750000 -0.66291261
v -0.66291261 0.93750000 -0.66291261
v -0.67058779 -0.93750000 -0.65291012
v -0.67058779 0.93750000 -0.65291012
v -0.57113342 -0.93750000 0.76484906
v -0.55591439 -0.93750000 0.74501523
v -0.57113342 0.93750000 0.76484906
v -0.55591439 0.93750000 0.74501523
v -0.59096726 -0.93750000 0.74963003
v -0.57574822 -0.93750000 0.72979619
v -0.59096726 0.93750000 0.74963003
v -0.57574822 0.93750000 0.72979619
v -0.67175144 -0.93750000 0.68942911
v -0.67175144 0.93750000 0.68942911
v -0.68942911 -0.93750000 0.67175144
v -0.68942911 0.93750000 0.67175144
v -0.67058779 0.93750000 0.65291012
v -0.67058779 -0.93750000 0.65291012
v -0.66291261 -0.93750000 0.66291261
v -0.66291261 0.93750000 0.66291261
v -0.65291012 -0.93750000 0.67058779
v -0.65291012 0.93750000 0.67058779
v 0.49207532 -0.93750000 0.82729945
v 0.49207532 0.93750000 0.82729945
v 0.47042468 -0.93750000 0.83979945
v 0.47042468 0.93750000 0.83979945
v 0.45710185 0.93750000 0.81672364
v 0.45710185 -0.93750000 0.81672364
v 0.46875000 -0.93750000 0.81189882
v 0.46875000 0.93750000 0.81189882
v 0.47875249 -0.93750000 0.80422364
v 0.47875249 0.93750000 0.80422364
v 0.59096726 -0.93750000 0.74963003
v 0.57574822 -0.93750000 0.72979619
v 0.59096726 0.93750000 0.74963003
v 0.57574822 0.93750000 0.72979619
v 0.57113342 -0.93750000 0.76484906
v 0.55591439 -0.93750000 0.74501523
v 0.57113342 0.93750000 0.76484906
v 0.55591439 0.93750000 0.74501523
v -0.74963003 -0.93750000 0.59096726
v -0.72979619 -0.93750000 0.57574822
v -0.74963003 0.93750000 0.59096726
v -0.72979619 0.93750000 0.57574822
v -0.76484906 -0.93750000 0.57113342
v -0.74501523 -0.93750000 0.55591439
v -0.76484906 0.93750000 0.57113342
v -0.74501523 0.93750000 0.55591439
v -0.82729945 -0.93750000 0.49207532
v -0.82729945 0.93750000 0.49207532
v -0.83979945 -0.93750000 0.47042468
v -0.83979945 0.93750000 0.47042468
v -0.81672364 0.93750000 0.45710185
v -0.81672364 -0.93750000 0.45710185
v -0.81189882 -0.93750000 0.46875000
v -0.81189882 0.93750000 0.46875000
v -0.80422364 -0.93750000 0.47875249
v -0.80422364 0.93750000 0.47875249
v 0.26118740 -0.93750000 0.92646837
v 0.26118740 0.93750000 0.92646837
v 0.23703926 -0.93750000 0.93293885
v 0.23703926 0.93750000 0.93293885
v 0.23014285 0.93750000 0.90720112
v 0.23014285 -0.93750000 0.90720112
v 0.24264285 -0.93750000 0.90555546
v 0.24264285 0.93750000 0.90555546
v 0.25429100 -0.93750000 0.90073064
v 0.25429100 0.93750000 0.90073064
v 0.37681201 -0.93750000 0.87704058
v 0.36724492 -0.93750000 0.85394360
v 0.37681201 0.93750000 0.87704058
v 0.36724492 0.93750000 0.85394360
v 0.35371502 -0.93750000 0.88660767
v 0.34414793 -0.93750000 0.86351068
v 0.35371502 0.93750000 0.88660767
v 0.34414793 0.93750000 0.86351068
v -0.87704058 -0.93750000 0.37681201
v -0.85394360 -0.93750000 0.36724492
v -0.87704058 0.93750000 0.37681201
v -0.85394360 0.93750000 0.36724492
v -0.88660767 -0.93750000 0.35371502
v -0.86351068 -0.93750000 0.34414793
v -0.88660767 0.93750000 0.35371502
v -0.86351068 0.93750000 0.34414793
v -0.92646837 -0.93750000 0.26118740
v -0.92646837 0.93750000 0.26118740
v -0.93293885 -0.93750000 0.23703926
v -0.93293885 0.93750000 0.23703926
v -0.90720112 0.93750000 0.23014285
v -0.90720112 -0.93750000 0.23014285
v -0.90555546 -0.93750000 0.24264285
v -0.90555546 0.93750000 0.24264285
v -0.90073064 -0.93750000 0.25429100
v -0.90073064 0.93750000 0.25429100
v 1.2500000e-2 -0.93750000 0.96250000
v 1.2500000e-2 0.93750000 0.96250000
v -1.2500000e-2 -0.93750000 0.96250000
v -1.2500000e-2 0.93750000 0.96250000
v -1.2500000e-2 0.93750000 0.93585434
v -1.2500000e-2 -0.93750000 0.93585434
v 0.0000000e+0 -0.93750000 0.93750000
v 0.0000000e+0 0.93750000 0.93750000
v 1.2500000e-2 -0.93750000 0.93585434
v 1.2500000e-2 0.93750000 0.93585434
v 0.13697764 -0.93750000 0.94468228
v 0.13371449 -0.93750000 0.91989615
v 0.13697764 0.93750000 0.94468228
v 0.13371449 0.93750000 0.91989615
v 0.11219152 -0.93750000 0.94794543
v 0.10892837 -0.93750000 0.92315931
v 0.11219152 0.93750000 0.94794543
v 0.10892837 0.93750000 0.92315931
v 0.93750000 0.93750000 -2.0961242e-18
v 0.90555546 0.93750000 0.24264285
v 0.81189882 0.93750000 0.46875000
v 0.66291261 0.93750000 0.66291261
v 0.46875000 0.93750000 0.81189882
v 0.24264285 0.93750000 0.90555546
v 4.8731701e-17 0.93750000 0.93750000
v -0.24264285 0.93750000 0.90555546
v -0.46875000 0.93750000 0.81189882
v -0.66291261 0.93750000 0.66291261
v -0.81189882 0.93750000 0.46875000
v -0.90555546 0.93750000 0.24264285
v -0.93750000 0.93750000 1.1271451e-16
v -0.90555546 0.93750000 -0.24264285
v -0.81189882 0.93750000 -0.46875000
v -0.66291261 0.93750000 -0.66291261
v -0.46875000 0.93750000 -0.81189882
v -0.24264285 0.93750000 -0.90555546
v -1.8088957e-16 0.93750000 -0.93750000
v 0.24264285 0.93750000 -0.90555546
v 0.46875000 0.93750000 -0.81189882
v 0.66291261 0.93750000 -0.66291261
v 0.81189882 0.93750000 -0.46875000
v 0.90555546 0.93750000 -0.24264285
v 0.93750000 -0.93750000 -2.0961242e-18
v 0.90555546 -0.93750000 0.24264285
v 0.81189882 -0.93750000 0.46875000
v 0.66291261 -0.93750000 0.66291261
v 0.46875000 -0.93750000 0.81189882
v 0.24264285 -0.93750000 0.90555546
v 4.8731701e-17 -0.93750000 0.93750000
v -0.24264285 -0.93750000 0.90555546
v -0.46875000 -0.93750000 0.81189882
v -0.66291261 -0.93750000 0.66291261
v -0.81189882 -0.93750000 0.46875000
v -0.90555546 -0.93750000 0.24264285
v -0.93750000 -0.93750000 1.1271451e-16
v -0.90555546 -0.93750000 -0.24264285
v -0.81189882 -0.93750000 -0.46875000
v -0.66291261 -0.93750000 -0.66291261
v -0.46875000 -0.93750000 -0.81189882
v -0.24264285 -0.93750000 -0.90555546
v -1.8088957e-16 -0.93750000 -0.93750000
v 0.24264285 -0.93750000 -0.90555546
v 0.46875000 -0.93750000 -0.81189882
v 0.66291261 -0.93750000 -0.66291261
v 0.81189882 -0.93750000 -0.46875000
v 0.90555546 -0.93750000 -0.24264285
vt 1.8750000e-2 0.61503906
vt 1.8750000e-2 0.98125000
vt 1.8750000e-2 0.61503906
vt 6.6550119e-2 0.61503906
vt 6.6550119e-2 0.98125000
vt 6.6550119e-2 0.98125000
vt 6.6550119e-2 0.61503906
vt 0.11435024 0.61503906
vt 0.11435024 0.98125000
vt 0.11435024 0.98125000
vt 0.11435024 0.61503906
vt 0.16215036 0.98125000
vt 0.16215036 0.61503906
vt 0.16215036 0.61503906
vt 0.16215036 0.98125000
vt 0.20995048 0.61503906
vt 0.20995048 0.98125000
vt 0.20995048 0.61503906
vt 0.20995048 0.98125000
vt 0.25775060 0.98125000
vt 0.25775060 0.61503906
vt 0.25775060 0.61503906
vt 0.25775060 0.98125000
vt 0.30555072 0.61503906
vt 0.30555072 0.98125000
vt 0.30555072 0.98125000
vt 0.30555072 0.61503906
vt 0.30560370 0.61503906
vt 0.30560370 0.61503906
vt 0.30560370 0.98125000
vt 0.30560370 0.98125000
vt 0.35340382 0.61503906
vt 0.35340382 0.98125000
vt 0.35340382 0.98125000
vt 0.40120394 0.61503906
vt 0.40120394 0.98125000
vt 0.40120394 0.61503906
vt 0.40120394 0.98125000
vt 0.44900406 0.61503906
vt 0.44900406 0.98125000
vt 0.44900406 0.61503906
vt 0.44900406 0.98125000
vt 0.49680418 0.61503906
vt 0.49680418 0.61503906
vt 0.49680418 0.98125000
vt 0.49680418 0.98125000
vt 0.54460430 0.61503906
vt 0.54460430 0.61503906
vt 0.54460430 0.98125000
vt 0.54460430 0.98125000
vt 0.59240442 0.61503906
vt 0.59240442 0.98125000
vt 0.59240442 0.98125000
vt 0.61149361 0.61407764
vt 0.61149361 0.61407764
vt 0.61149361 0.61407764
vt 0.61149361 0.61407764
vt 0.61149361 0.61407764
vt 0.61149361 0.61407764
vt 0.61149361 0.98125000
vt 0.61149361 0.61407764
vt 0.61149361 0.61407764
vt 0.61149361 0.61407764
vt 0.61149361 0.98125000
vt 0.61149361 0.61407764
vt 0.61149361 0.98125000
vt 0.61149361 0.61407764
vt 0.61149361 0.98125000
vt 0.61149361 0.98125000
vt 0.61149361 0.98125000
vt 0.61149361 0.61407764
vt 0.61149361 0.98125000
vt 0.61149361 0.98125000
vt 0.61149361 0.98125000
vt 0.61149361 0.98125000
vt 0.61149361 0.98125000
vt 0.61149361 0.98125000
vt 0.61149651 0.61407764
vt 0.61149651 0.98125000
vt 0.61149651 0.98125000
vt 0.61149651 0.61407764
vt 0.61149651 0.98125000
vt 0.61149651 0.98125000
vt 0.61149651 0.98125000
vt 0.61149651 0.98125000
vt 0.61149651 0.61407764
vt 0.61149651 0.98125000
vt 0.61149651 0.61407764
vt 0.61149651 0.98125000
vt 0.61149651 0.61407764
vt 0.61149651 0.98125000
vt 0.61149651 0.61407764
vt 0.61149651 0.61407764
vt 0.61149651 0.61407764
vt 0.61149651 0.61407764
vt 0.61149651 0.61407764
vt 0.61149651 0.98125000
vt 0.61149651 0.61407764
vt 0.61149651 0.61407764
vt 0.61149651 0.98125000
vt 0.61638619 0.61407764
vt 0.61638619 0.61407764
vt 0.61638619 0.61407764
vt 0.61638619 0.61407764
vt 0.61638619 0.61407764
vt 0.61638619 0.61407764
vt 0.61638619 0.98125000
vt 0.61638619 0.61407764
vt 0.61638619 0.61407764
vt 0.61638619 0.98125000
vt 0.61638619 0.61407764
vt 0.61638619 0.98125000
vt 0.61638619 0.61407764
vt 0.61638619 0.98125000
vt 0.61638619 0.61407764
vt 0.61638619 0.98125000
vt 0.61638619 0.98125000
vt 0.61638619 0.61407764
vt 0.61638619 0.98125000
vt 0.61638619 0.98125000
vt 0.61638619 0.98125000
vt 0.61638619 0.98125000
vt 0.61638619 0.98125000
vt 0.61638619 0.98125000
vt 0.61640047 0.61407764
vt 0.61640047 0.98125000
vt 0.61640047 0.98125000
vt 0.61640047 0.61407764
vt 0.61640047 0.98125000
vt 0.61640047 0.98125000
vt 0.61640047 0.98125000
vt 0.61640047 0.98125000
vt 0.61640047 0.98125000
vt 0.61640047 0.61407764
vt 0.61640047 0.61407764
vt 0.61640047 0.98125000
vt 0.61640047 0.61407764
vt 0.61640047 0.98125000
vt 0.61640047 0.61407764
vt 0.61640047 0.61407764
vt 0.61640047 0.61407764
vt 0.61640047 0.61407764
vt 0.61640047 0.61407764
vt 0.61640047 0.98125000
vt 0.61640047 0.61407764
vt 0.61640047 0.61407764
vt 0.61640047 0.98125000
vt 0.62127876 0.61407764
vt 0.62127876 0.61407764
vt 0.62127876 0.61407764
vt 0.62127876 0.61407764
vt 0.62127876 0.61407764
vt 0.62127876 0.61407764
vt 0.62127876 0.98125000
vt 0.62127876 0.61407764
vt 0.62127876 0.61407764
vt 0.62127876 0.98125000
vt 0.62127876 0.61407764
vt 0.62127876 0.98125000
vt 0.62127876 0.61407764
vt 0.62127876 0.61407764
vt 0.62127876 0.98125000
vt 0.62127876 0.98125000
vt 0.62127876 0.98125000
vt 0.62127876 0.61407764
vt 0.62127876 0.98125000
vt 0.62127876 0.98125000
vt 0.62127876 0.98125000
vt 0.62127876 0.98125000
vt 0.62127876 0.98125000
vt 0.62127876 0.98125000
vt 0.62129305 0.61407764
vt 0.62129305 0.98125000
vt 0.62129305 0.98125000
vt 0.62129305 0.61407764
vt 0.62129305 0.98125000
vt 0.62129305 0.98125000
vt 0.62129305 0.98125000
vt 0.62129305 0.98125000
vt 0.62129305 0.98125000
vt 0.62129305 0.98125000
vt 0.62129305 0.61407764
vt 0.62129305 0.61407764
vt 0.62129305 0.98125000
vt 0.62129305 0.98125000
vt 0.62129305 0.61407764
vt 0.62129305 0.61407764
vt 0.62129305 0.61407764
vt 0.62129305 0.61407764
vt 0.62129305 0.61407764
vt 0.62129305 0.61407764
vt 0.62129305 0.98125000
vt 0.62129305 0.61407764
vt 0.62129305 0.61407764
vt 0.62129305 0.98125000
vt 0.62616844 0.61407764
vt 0.62616844 0.98125000
vt 0.62616844 0.98125000
vt 0.62616844 0.61407764
vt 0.62616844 0.98125000
vt 0.62616844 0.98125000
vt 0.62616844 0.98125000
vt 0.62616844 0.98125000
vt 0.62616844 0.98125000
vt 0.62616844 0.61407764
vt 0.62616844 0.98125000
vt 0.62616844 0.61407764
vt 0.62616844 0.61407764
vt 0.62616844 0.98125000
vt 0.62616844 0.61407764
vt 0.62616844 0.61407764
vt 0.62616844 0.61407764
vt 0.62616844 0.61407764
vt 0.62616844 0.61407764
vt 0.62616844 0.98125000
vt 0.62616844 0.61407764
vt 0.62616844 0.61407764
vt 0.62616844 0.98125000
vt 0.62617134 0.61407764
vt 0.62617134 0.61407764
vt 0.62617134 0.61407764
vt 0.62617134 0.61407764
vt 0.62617134 0.61407764
vt 0.62617134 0.61407764
vt 0.62617134 0.98125000
vt 0.62617134 0.61407764
vt 0.62617134 0.61407764
vt 0.62617134 0.98125000
vt 0.62617134 0.61407764
vt 0.62617134 0.98125000
vt 0.62617134 0.61407764
vt 0.62617134 0.61407764
vt 0.62617134 0.98125000
vt 0.62617134 0.98125000
vt 0.62617134 0.98125000
vt 0.62617134 0.61407764
vt 0.62617134 0.98125000
vt 0.62617134 0.98125000
vt 0.62617134 0.98125000
vt 0.62617134 0.98125000
vt 0.62617134 0.98125000
vt 0.62617134 0.98125000
vt 0.64582573 0.97586738
vt 0.64582573 0.97586738
vt 0.64582573 0.98108202
vt 0.64582573 0.97586738
vt 0.64582573 0.97586738
vt 0.64582573 0.97586738
vt 0.64582573 0.98108202
vt 0.64582573 0.98108202
vt 0.64582573 0.98108202
vt 0.64582573 0.97586738
vt 0.64582573 0.97586738
vt 0.64582573 0.97586738
vt 0.64582573 0.98108202
vt 0.64582573 0.98108202
vt 0.64582573 0.97586738
vt 0.64582573 0.97586738
vt 0.64582573 0.97586738
vt 0.64582573 0.98108202
vt 0.64582573 0.97586738
vt 0.64582573 0.97586738
vt 0.64827202 0.98075996
vt 0.64827202 0.98075996
vt 0.64827202 0.98075996
vt 0.64827202 0.98075996
vt 0.64827202 0.98075996
vt 0.64827202 0.98075996
vt 0.64827202 0.98075996
vt 0.64827202 0.98075996
vt 0.64827202 0.98075996
vt 0.64827202 0.98075996
vt 0.64827202 0.98075996
vt 0.64827202 0.98075996
vt 0.65071831 0.97586738
vt 0.65071831 0.98108202
vt 0.65071831 0.97586738
vt 0.65071831 0.97586738
vt 0.65071831 0.98108202
vt 0.65071831 0.98108202
vt 0.65071831 0.97586738
vt 0.65071831 0.97586738
vt 0.65071831 0.97586738
vt 0.65071831 0.97586738
vt 0.65071831 0.98108202
vt 0.65071831 0.98108202
vt 0.65071831 0.98108202
vt 0.65071831 0.97586738
vt 0.65071831 0.97586738
vt 0.65071831 0.97586738
vt 0.65071831 0.98108202
vt 0.66948402 0.97618944
vt 0.66948402 0.97618944
vt 0.66948402 0.98108202
vt 0.66948402 0.97618944
vt 0.66948402 0.97618944
vt 0.66948402 0.97618944
vt 0.66948402 0.97618944
vt 0.66948402 0.97618944
vt 0.66948402 0.97618944
vt 0.66948402 0.98108202
vt 0.66948402 0.98108202
vt 0.66948402 0.98108202
vt 0.66948402 0.97618944
vt 0.66948402 0.97618944
vt 0.66948402 0.97618944
vt 0.66948402 0.97618944
vt 0.66948402 0.98108202
vt 0.66948402 0.97618944
vt 0.66948402 0.98108202
vt 0.67437660 0.97618944
vt 0.67437660 0.97618944
vt 0.67437660 0.98108202
vt 0.67437660 0.98108202
vt 0.67437660 0.97618944
vt 0.67437660 0.97618944
vt 0.67437660 0.97618944
vt 0.67437660 0.98108202
vt 0.67437660 0.97618944
vt 0.67437660 0.97618944
vt 0.67437660 0.97618944
vt 0.67437660 0.97618944
vt 0.67437660 0.98108202
vt 0.67437660 0.98108202
vt 0.67437660 0.98108202
vt 0.67437660 0.97618944
vt 0.67437660 0.97618944
vt 0.67437660 0.97618944
vt 0.67437660 0.97618944
vt 0.67437660 0.97618944
vt 0.67437660 0.98108202
vt 0.67437660 0.98108202
vn 0.0000000e+0 -1.00000000 0.0000000e+0
vn 0.0000000e+0 1.00000000 0.0000000e+0
vn 0.0000000e+0 -1.00000000 0.0000000e+0
vn 0.0000000e+0 1.00000000 0.0000000e+0
vn 0.0000000e+0 -1.00000000 0.0000000e+0
vn 0.0000000e+0 1.00000000 0.0000000e+0
vn 0.0000000e+0 -1.00000000 0.0000000e+0
vn 0.0000000e+0 1.00000000 0.0000000e+0
vn 0.0000000e+0 -1.00000000 0.0000000e+0
vn 0.0000000e+0 1.00000000 0.0000000e+0
vn 0.0000000e+0 -1.00000000 0.0000000e+0
vn 0.0000000e+0 1.00000000 0.0000000e+0
vn 0.0000000e+0 -1.00000000 0.0000000e+0
vn 0.0000000e+0 1.00000000 0.0000000e+0
vn 0.0000000e+0 -1.00000000 0.0000000e+0
vn 0.0000000e+0 1.00000000 0.0000000e+0
vn 0.0000000e+0 -1.00000000 0.0000000e+0
vn 0.0000000e+0 1.00000000 0.0000000e+0
vn 0.0000000e+0 -1.00000000 0.0000000e+0
vn 0.0000000e+0 1.00000000 0.0000000e+0
vn 0.0000000e+0 -1.00000000 0.0000000e+0
vn 0.0000000e+0 1.00000000 0.0000000e+0
vn 0.0000000e+0 -1.00000000 0.0000000e+0
vn 0.0000000e+0 1.00000000 0.0000000e+0
vn 0.0000000e+0 -1.00000000 0.0000000e+0
vn 0.0000000e+0 1.00000000 0.0000000e+0
vn 0.0000000e+0 -1.00000000 0.0000000e+0
vn 0.0000000e+0 1.00000000 0.0000000e+0
vn 0.0000000e+0 -1.00000000 0.0000000e+0
vn 0.0000000e+0 1.00000000 0.0000000e+0
vn 0.0000000e+0 -1.00000000 0.0000000e+0
vn 0.0000000e+0 1.00000000 0.0000000e+0
vn 0.0000000e+0 -1.00000000 0.0000000e+0
vn 0.0000000e+0 1.00000000 0.0000000e+0
vn 0.0000000e+0 -1.00000000 0.0000000e+0
vn 0.0000000e+0 1.00000000 0.0000000e+0
vn 0.0000000e+0 -1.00000000 0.0000000e+0
vn 0.0000000e+0 1.00000000 0.0000000e+0
vn 0.0000000e+0 -1.00000000 0.0000000e+0
vn 0.0000000e+0 1.00000000 0.0000000e+0
vn 0.0000000e+0 -1.00000000 0.0000000e+0
vn 0.0000000e+0 1.00000000 0.0000000e+0
vn 0.0000000e+0 -1.00000000 0.0000000e+0
vn 0.0000000e+0 1.00000000 0.0000000e+0
vn 0.0000000e+0 -1.00000000 0.0000000e+0
vn 0.0000000e+0 1.00000000 0.0000000e+0
vn 0.0000000e+0 -1.00000000 0.0000000e+0
vn 0.0000000e+0 1.00000000 0.0000000e+0
vn 1.00000000 0.0000000e+0 -2.5195570e-16
vn 0.96592583 0.0000000e+0 0.25881905
vn 0.86602540 0.0000000e+0 0.50000000
vn 0.70710678 0.0000000e+0 0.70710678
vn 0.50000000 0.0000000e+0 0.86602540
vn 0.25881905 0.0000000e+0 0.96592583
vn 1.5397293e-16 0.0000000e+0 1.00000000
vn -0.25881905 0.0000000e+0 0.96592583
vn -0.50000000 0.0000000e+0 0.86602540
vn -0.70710678 0.0000000e+0 0.70710678
vn -0.86602540 0.0000000e+0 0.50000000
vn -0.96592583 0.0000000e+0 0.25881905
vn -1.00000000 0.0000000e+0 3.4993847e-16
vn -0.96592583 0.0000000e+0 -0.25881905
vn -0.86602540 0.0000000e+0 -0.50000000
vn -0.70710678 0.0000000e+0 -0.70710678
vn -0.50000000 0.0000000e+0 -0.86602540
vn -0.25881905 0.0000000e+0 -0.96592583
vn -4.7591632e-16 0.0000000e+0 -1.00000000
vn 0.25881905 0.0000000e+0 -0.96592583
vn 0.50000000 0.0000000e+0 -0.86602540
vn 0.70710678 0.0000000e+0 -0.70710678
vn 0.86602540 0.0000000e+0 -0.50000000
vn 0.96592583 0.0000000e+0 -0.25881905
vn 1.00000000 0.0000000e+0 -2.5195570e-16
vn 0.96592583 0.0000000e+0 0.25881905
vn 0.86602540 0.0000000e+0 0.50000000
vn 0.70710678 0.0000000e+0 0.70710678
vn 0.50000000 0.0000000e+0 0.86602540
vn 0.25881905 0.0000000e+0 0.96592583
vn 1.5397293e-16 0.0000000e+0 1.00000000
vn -0.25881905 0.0000000e+0 0.96592583
vn -0.50000000 0.0000000e+0 0.86602540
vn -0.70710678 0.0000000e+0 0.70710678
vn -0.86602540 0.0000000e+0 0.50000000
vn -0.96592583 0.0000000e+0 0.25881905
vn -1.00000000 0.0000000e+0 3.4993847e-16
vn -0.96592583 0.0000000e+0 -0.25881905
vn -0.86602540 0.0000000e+0 -0.50000000
vn -0.70710678 0.0000000e+0 -0.70710678
vn -0.50000000 0.0000000e+0 -0.86602540
vn -0.25881905 0.0000000e+0 -0.96592583
vn -4.7591632e-16 0.0000000e+0 -1.00000000
vn 0.25881905 0.0000000e+0 -0.96592583
vn 0.50000000 0.0000000e+0 -0.86602540
vn 0.70710678 0.0000000e+0 -0.70710678
vn 0.86602540 0.0000000e+0 -0.50000000
vn 0.96592583 0.0000000e+0 -0.25881905
vn 0.0000000e+0 -1.00000000 0.0000000e+0
vn 0.99144486 1.2359905e-16 -0.13052619
vn -0.13052619 9.5482071e-16 -0.99144486
vn 0.0000000e+0 -1.00000000 0.0000000e+0
vn -0.13052619 9.5482071e-16 -0.99144486
vn 0.0000000e+0 1.00000000 0.0000000e+0
vn 0.99144486 1.2359905e-16 -0.13052619
vn -0.13052619 9.5482071e-16 -0.99144486
vn 0.0000000e+0 1.00000000 0.0000000e+0
vn -0.13052619 9.5482071e-16 -0.99144486
vn 0.0000000e+0 -1.00000000 0.0000000e+0
vn 0.99144486 1.2359905e-16 -0.13052619
vn 0.13052619 -9.6942130e-16 0.99144486
vn 0.0000000e+0 -1.00000000 0.0000000e+0
vn 0.13052619 -9.6942130e-16 0.99144486
vn 0.0000000e+0 1.00000000 0.0000000e+0
vn 0.99144486 1.2359905e-16 -0.13052619
vn 0.13052619 -9.6942130e-16 0.99144486
vn 0.0000000e+0 1.00000000 0.0000000e+0
vn 0.13052619 -9.6942130e-16 0.99144486
vn 0.0000000e+0 -1.00000000 0.0000000e+0
vn 1.00000000 0.0000000e+0 0.0000000e+0
vn 0.0000000e+0 9.5109106e-16 -1.00000000
vn 0.0000000e+0 -1.00000000 0.0000000e+0
vn 1.00000000 0.0000000e+0 0.0000000e+0
vn 0.0000000e+0 9.5109106e-16 -1.00000000
vn 0.0000000e+0 1.00000000 0.0000000e+0
vn 0.0000000e+0 1.00000000 0.0000000e+0
vn 0.0000000e+0 -1.00000000 0.0000000e+0
vn 1.00000000 0.0000000e+0 0.0000000e+0
vn 0.0000000e+0 -1.00000000 0.0000000e+0
vn 0.0000000e+0 -9.5109106e-16 1.00000000
vn 1.00000000 0.0000000e+0 0.0000000e+0
vn 0.0000000e+0 -9.5109106e-16 1.00000000
vn 0.0000000e+0 1.00000000 0.0000000e+0
vn 0.0000000e+0 1.00000000 0.0000000e+0
vn 0.0000000e+0 -9.5109106e-16 1.00000000
vn 0.0000000e+0 1.00000000 0.0000000e+0
vn 0.0000000e+0 -1.00000000 0.0000000e+0
vn 0.0000000e+0 -9.5109106e-16 1.00000000
vn 0.0000000e+0 9.5109106e-16 -1.00000000
vn 0.0000000e+0 -1.00000000 0.0000000e+0
vn 0.0000000e+0 9.5109106e-16 -1.00000000
vn 0.0000000e+0 1.00000000 0.0000000e+0
vn 0.0000000e+0 -1.00000000 0.0000000e+0
vn 0.99144486 -1.2562289e-16 0.13052619
vn 0.13052619 9.1072982e-16 -0.99144486
vn 0.0000000e+0 -1.00000000 0.0000000e+0
vn 0.13052619 9.1072982e-16 -0.99144486
vn 0.0000000e+0 1.00000000 0.0000000e+0
vn 0.99144486 -1.2562289e-16 0.13052619
vn 0.13052619 9.1072982e-16 -0.99144486
vn 0.0000000e+0 1.00000000 0.0000000e+0
vn 0.13052619 9.1072982e-16 -0.99144486
vn 0.0000000e+0 -1.00000000 0.0000000e+0
vn 0.99144486 -1.2562289e-16 0.13052619
vn -0.13052619 -1.0208848e-15 0.99144486
vn 0.0000000e+0 -1.00000000 0.0000000e+0
vn -0.13052619 -1.0208848e-15 0.99144486
vn 0.0000000e+0 1.00000000 0.0000000e+0
vn 0.99144486 -1.2562289e-16 0.13052619
vn -0.13052619 -1.0208848e-15 0.99144486
vn 0.0000000e+0 1.00000000 0.0000000e+0
vn -0.13052619 -1.0208848e-15 0.99144486
vn 0.0000000e+0 -1.00000000 0.0000000e+0
vn 0.96592583 -1.1564823e-18 0.25881905
vn 0.25881905 9.6000425e-16 -0.96592583
vn 0.0000000e+0 -1.00000000 0.0000000e+0
vn 0.96592583 -1.1564823e-18 0.25881905
vn 0.25881905 9.6000425e-16 -0.96592583
vn 0.0000000e+0 1.00000000 0.0000000e+0
vn 0.0000000e+0 1.00000000 0.0000000e+0
vn 0.0000000e+0 -1.00000000 0.0000000e+0
vn 0.96592583 -1.1564823e-18 0.25881905
vn 0.0000000e+0 -1.00000000 0.0000000e+0
vn -0.25881905 -9.7845022e-16 0.96592583
vn 0.96592583 -1.1564823e-18 0.25881905
vn -0.25881905 -9.7845022e-16 0.96592583
vn 0.0000000e+0 1.00000000 0.0000000e+0
vn 0.0000000e+0 1.00000000 0.0000000e+0
vn -0.25881905 -9.7845022e-16 0.96592583
vn 0.0000000e+0 1.00000000 0.0000000e+0
vn 0.0000000e+0 -1.00000000 0.0000000e+0
vn -0.25881905 -9.7845022e-16 0.96592583
vn 0.25881905 9.6000425e-16 -0.96592583
vn 0.0000000e+0 -1.00000000 0.0000000e+0
vn 0.25881905 9.6000425e-16 -0.96592583
vn 0.0000000e+0 1.00000000 0.0000000e+0
vn 0.0000000e+0 -1.00000000 0.0000000e+0
vn 0.13052619 5.2475385e-17 -0.99144486
vn -0.99144486 8.5276115e-16 -0.13052619
vn 0.0000000e+0 -1.00000000 0.0000000e+0
vn -0.99144486 8.5276115e-16 -0.13052619
vn 0.0000000e+0 1.00000000 0.0000000e+0
vn 0.13052619 5.2475385e-17 -0.99144486
vn -0.99144486 8.5276115e-16 -0.13052619
vn 0.0000000e+0 1.00000000 0.0000000e+0
vn -0.99144486 8.5276115e-16 -0.13052619
vn 0.0000000e+0 -1.00000000 0.0000000e+0
vn 0.13052619 5.2475385e-17 -0.99144486
vn 0.99144486 -1.0606388e-15 0.13052619
vn 0.0000000e+0 -1.00000000 0.0000000e+0
vn 0.99144486 -1.0606388e-15 0.13052619
vn 0.0000000e+0 1.00000000 0.0000000e+0
vn 0.13052619 5.2475385e-17 -0.99144486
vn 0.99144486 -1.0606388e-15 0.13052619
vn 0.0000000e+0 1.00000000 0.0000000e+0
vn 0.99144486 -1.0606388e-15 0.13052619
vn 0.0000000e+0 -1.00000000 0.0000000e+0
vn 0.25881905 -7.5749592e-17 -0.96592583
vn -0.96592583 1.1897651e-15 -0.25881905
vn 0.0000000e+0 -1.00000000 0.0000000e+0
vn 0.25881905 -7.5749592e-17 -0.96592583
vn -0.96592583 1.1897651e-15 -0.25881905
vn 0.0000000e+0 1.00000000 0.0000000e+0
vn 0.0000000e+0 1.00000000 0.0000000e+0
vn 0.0000000e+0 -1.00000000 0.0000000e+0
vn 0.25881905 -7.5749592e-17 -0.96592583
vn 0.0000000e+0 -1.00000000 0.0000000e+0
vn 0.96592583 -9.9933757e-16 0.25881905
vn 0.25881905 -7.5749592e-17 -0.96592583
vn 0.96592583 -9.9933757e-16 0.25881905
vn 0.0000000e+0 1.00000000 0.0000000e+0
vn 0.0000000e+0 1.00000000 0.0000000e+0
vn 0.96592583 -9.9933757e-16 0.25881905
vn 0.0000000e+0 1.00000000 0.0000000e+0
vn 0.0000000e+0 -1.00000000 0.0000000e+0
vn 0.96592583 -9.9933757e-16 0.25881905
vn -0.96592583 1.1897651e-15 -0.25881905
vn 0.0000000e+0 -1.00000000 0.0000000e+0
vn -0.96592583 1.1897651e-15 -0.25881905
vn 0.0000000e+0 1.00000000 0.0000000e+0
vn 0.0000000e+0 -1.00000000 0.0000000e+0
vn 0.92387953 -1.2692393e-16 0.38268343
vn 0.38268343 8.6996382e-16 -0.92387953
vn 0.0000000e+0 -1.00000000 0.0000000e+0
vn 0.38268343 8.6996382e-16 -0.92387953
vn 0.0000000e+0 1.00000000 0.0000000e+0
vn 0.92387953 -1.2692393e-16 0.38268343
vn 0.38268343 8.6996382e-16 -0.92387953
vn 0.0000000e+0 1.00000000 0.0000000e+0
vn 0.38268343 8.6996382e-16 -0.92387953
vn 0.0000000e+0 -1.00000000 0.0000000e+0
vn 0.92387953 -1.2692393e-16 0.38268343
vn -0.38268343 -1.0110547e-15 0.92387953
vn 0.0000000e+0 -1.00000000 0.0000000e+0
vn -0.38268343 -1.0110547e-15 0.92387953
vn 0.0000000e+0 1.00000000 0.0000000e+0
vn 0.92387953 -1.2692393e-16 0.38268343
vn -0.38268343 -1.0110547e-15 0.92387953
vn 0.0000000e+0 1.00000000 0.0000000e+0
vn -0.38268343 -1.0110547e-15 0.92387953
vn 0.0000000e+0 -1.00000000 0.0000000e+0
vn 0.86602540 1.7925476e-17 0.50000000
vn 0.50000000 9.5973299e-16 -0.86602540
vn 0.0000000e+0 -1.00000000 0.0000000e+0
vn 0.86602540 1.7925476e-17 0.50000000
vn 0.50000000 9.5973299e-16 -0.86602540
vn 0.0000000e+0 1.00000000 0.0000000e+0
vn 0.0000000e+0 1.00000000 0.0000000e+0
vn 0.0000000e+0 -1.00000000 0.0000000e+0
vn 0.86602540 1.7925476e-17 0.50000000
vn 0.0000000e+0 -1.00000000 0.0000000e+0
vn -0.50000000 -9.6244563e-16 0.86602540
vn 0.86602540 1.7925476e-17 0.50000000
vn -0.50000000 -9.6244563e-16 0.86602540
vn 0.0000000e+0 1.00000000 0.0000000e+0
vn 0.0000000e+0 1.00000000 0.0000000e+0
vn -0.50000000 -9.6244563e-16 0.86602540
vn 0.0000000e+0 1.00000000 0.0000000e+0
vn 0.0000000e+0 -1.00000000 0.0000000e+0
vn -0.50000000 -9.6244563e-16 0.86602540
vn 0.50000000 9.5973299e-16 -0.86602540
vn 0.0000000e+0 -1.00000000 0.0000000e+0
vn 0.50000000 9.5973299e-16 -0.86602540
vn 0.0000000e+0 1.00000000 0.0000000e+0
vn 0.0000000e+0 -1.00000000 0.0000000e+0
vn 0.38268343 2.0527561e-17 -0.92387953
vn -0.92387953 9.3588332e-16 -0.38268343
vn 0.0000000e+0 -1.00000000 0.0000000e+0
vn -0.92387953 9.3588332e-16 -0.38268343
vn 0.0000000e+0 1.00000000 0.0000000e+0
vn 0.38268343 2.0527561e-17 -0.92387953
vn -0.92387953 9.3588332e-16 -0.38268343
vn 0.0000000e+0 1.00000000 0.0000000e+0
vn -0.92387953 9.3588332e-16 -0.38268343
vn 0.0000000e+0 -1.00000000 0.0000000e+0
vn 0.38268343 2.0527561e-17 -0.92387953
vn 0.92387953 -1.0977908e-15 0.38268343
vn 0.0000000e+0 -1.00000000 0.0000000e+0
vn 0.92387953 -1.0977908e-15 0.38268343
vn 0.0000000e+0 1.00000000 0.0000000e+0
vn 0.38268343 2.0527561e-17 -0.92387953
vn 0.92387953 -1.0977908e-15 0.38268343
vn 0.0000000e+0 1.00000000 0.0000000e+0
vn 0.92387953 -1.0977908e-15 0.38268343
vn 0.0000000e+0 -1.00000000 0.0000000e+0
vn 0.50000000 5.4932910e-17 -0.86602540
vn -0.86602540 9.2501116e-16 -0.50000000
vn 0.0000000e+0 -1.00000000 0.0000000e+0
vn 0.50000000 5.4932910e-17 -0.86602540
vn -0.86602540 9.2501116e-16 -0.50000000
vn 0.0000000e+0 1.00000000 0.0000000e+0
vn 0.0000000e+0 1.00000000 0.0000000e+0
vn 0.0000000e+0 -1.00000000 0.0000000e+0
vn 0.50000000 5.4932910e-17 -0.86602540
vn 0.0000000e+0 -1.00000000 0.0000000e+0
vn 0.86602540 -9.1144795e-16 0.50000000
vn 0.50000000 5.4932910e-17 -0.86602540
vn 0.86602540 -9.1144795e-16 0.50000000
vn 0.0000000e+0 1.00000000 0.0000000e+0
vn 0.0000000e+0 1.00000000 0.0000000e+0
vn 0.86602540 -9.1144795e-16 0.50000000
vn 0.0000000e+0 1.00000000 0.0000000e+0
vn 0.0000000e+0 -1.00000000 0.0000000e+0
vn 0.86602540 -9.1144795e-16 0.50000000
vn -0.86602540 9.2501116e-16 -0.50000000
vn 0.0000000e+0 -1.00000000 0.0000000e+0
vn -0.86602540 9.2501116e-16 -0.50000000
vn 0.0000000e+0 1.00000000 0.0000000e+0
vn 0.0000000e+0 -1.00000000 0.0000000e+0
vn 0.79335334 1.1564823e-18 0.60876143
vn 0.60876143 9.4773726e-16 -0.79335334
vn 0.0000000e+0 -1.00000000 0.0000000e+0
vn 0.60876143 9.4773726e-16 -0.79335334
vn 0.0000000e+0 1.00000000 0.0000000e+0
vn 0.79335334 1.1564823e-18 0.60876143
vn 0.60876143 9.4773726e-16 -0.79335334
vn 0.0000000e+0 1.00000000 0.0000000e+0
vn 0.60876143 9.4773726e-16 -0.79335334
vn 0.0000000e+0 -1.00000000 0.0000000e+0
vn 0.79335334 1.1564823e-18 0.60876143
vn -0.60876143 -9.9457479e-16 0.79335334
vn 0.0000000e+0 -1.00000000 0.0000000e+0
vn -0.60876143 -9.9457479e-16 0.79335334
vn 0.0000000e+0 1.00000000 0.0000000e+0
vn 0.79335334 1.1564823e-18 0.60876143
vn -0.60876143 -9.9457479e-16 0.79335334
vn 0.0000000e+0 1.00000000 0.0000000e+0
vn -0.60876143 -9.9457479e-16 0.79335334
vn 0.0000000e+0 -1.00000000 0.0000000e+0
vn 0.70710678 -1.2547833e-16 0.70710678
vn 0.70710678 9.4237207e-16 -0.70710678
vn 0.0000000e+0 -1.00000000 0.0000000e+0
vn 0.70710678 -1.2547833e-16 0.70710678
vn 0.70710678 9.4237207e-16 -0.70710678
vn 0.0000000e+0 1.00000000 0.0000000e+0
vn 0.0000000e+0 1.00000000 0.0000000e+0
vn 0.0000000e+0 -1.00000000 0.0000000e+0
vn 0.70710678 -1.2547833e-16 0.70710678
